2012 04 12 10 56 32	1334242592400	place	425	68
2012 04 12 10 56 32	1334242592407	place	425	71
2012 04 12 10 56 32	1334242592415	place	425	75
2012 04 12 10 56 32	1334242592423	place	425	79
2012 04 12 10 56 32	1334242592431	place	425	83
2012 04 12 10 56 32	1334242592439	place	425	86
2012 04 12 10 56 32	1334242592447	place	425	90
2012 04 12 10 56 32	1334242592455	place	425	92
2012 04 12 10 56 32	1334242592920	bubble	435	128
2012 04 12 10 56 32	1334242592927	bubble	435	129
2012 04 12 10 56 32	1334242592935	bubble	435	130
2012 04 12 10 56 32	1334242592943	bubble	435	131
2012 04 12 10 56 32	1334242592951	bubble	435	132
2012 04 12 10 56 32	1334242592967	bubble	435	133
2012 04 12 10 56 32	1334242592983	bubble	435	134
2012 04 12 10 56 33	1334242593056	bubble	435	135
2012 04 12 10 56 33	1334242593063	bubble	436	135
2012 04 12 10 56 33	1334242593071	bubble	436	136
2012 04 12 10 56 33	1334242593090	bubble	436	137
2012 04 12 10 56 33	1334242593095	bubble	436	138
2012 04 12 10 56 33	1334242593111	bubble	436	139
2012 04 12 10 56 33	1334242593143	bubble	436	140
2012 04 12 10 56 33	1334242593183	bubble	436	141
2012 04 12 10 56 33	1334242593207	bubble	436	142
2012 04 12 10 56 33	1334242593223	bubble	437	142
2012 04 12 10 56 33	1334242593400	bubble	438	142
2012 04 12 10 56 33	1334242593423	bubble	438	143
2012 04 12 10 56 33	1334242593560	bubble	438	144
2012 04 12 10 56 33	1334242593568	bubble	437	144
2012 04 12 10 56 33	1334242593583	bubble	436	144
2012 04 12 10 56 33	1334242593599	bubble	435	145
2012 04 12 10 56 33	1334242593607	bubble	434	145
2012 04 12 10 56 33	1334242593623	bubble	433	145
2012 04 12 10 56 33	1334242593631	bubble	433	146
2012 04 12 10 56 33	1334242593647	bubble	432	146
2012 04 12 10 56 33	1334242593984	bubble	431	146
2012 04 12 10 56 33	1334242593991	bubble	430	146
2012 04 12 10 56 33	1334242593999	bubble	429	146
2012 04 12 10 56 34	1334242594007	bubble	428	146
2012 04 12 10 56 34	1334242594023	bubble	428	145
2012 04 12 10 56 34	1334242594052	bubble	427	145
2012 04 12 10 56 34	1334242594111	bubble	426	144
2012 04 12 10 56 34	1334242594464	bubble	425	144
2012 04 12 10 56 34	1334242594479	bubble	425	143
2012 04 12 10 56 34	1334242594487	bubble	423	143
2012 04 12 10 56 34	1334242594511	bubble	422	142
2012 04 12 10 56 34	1334242594560	bubble	421	142
2012 04 12 10 56 35	1334242595192	bubble	419	142
2012 04 12 10 56 35	1334242595207	bubble	418	142
2012 04 12 10 56 35	1334242595215	bubble	417	142
2012 04 12 10 56 35	1334242595231	bubble	416	142
2012 04 12 10 56 35	1334242595279	bubble	415	142
2012 04 12 10 56 35	1334242595335	bubble	414	142
2012 04 12 10 56 35	1334242595351	bubble	413	142
2012 04 12 10 56 35	1334242595367	bubble	412	142
2012 04 12 10 56 35	1334242595400	bubble	411	142
2012 04 12 10 56 35	1334242595584	bubble	410	142
2012 04 12 10 56 35	1334242595591	bubble	410	143
2012 04 12 10 56 35	1334242595599	bubble	409	143
2012 04 12 10 56 35	1334242595608	bubble	408	143
2012 04 12 10 56 35	1334242595615	bubble	407	144
2012 04 12 10 56 35	1334242595623	bubble	406	145
2012 04 12 10 56 35	1334242595631	bubble	405	145
2012 04 12 10 56 35	1334242595640	bubble	404	146
2012 04 12 10 56 35	1334242595648	bubble	403	147
2012 04 12 10 56 35	1334242595655	bubble	402	148
2012 04 12 10 56 35	1334242595663	bubble	401	149
2012 04 12 10 56 35	1334242595679	bubble	400	150
2012 04 12 10 56 35	1334242595687	bubble	400	151
2012 04 12 10 56 35	1334242595700	bubble	399	151
2012 04 12 10 56 35	1334242595706	bubble	399	152
2012 04 12 10 56 35	1334242595727	bubble	399	153
2012 04 12 10 57 27	1334242647295	smoothies	469	108
2012 04 12 10 57 27	1334242647303	smoothies	451	101
2012 04 12 10 57 27	1334242647311	smoothies	432	95
2012 04 12 10 57 27	1334242647319	place	413	93
2012 04 12 10 57 27	1334242647327	place	395	93
2012 04 12 10 57 27	1334242647335	place	380	93
2012 04 12 10 57 27	1334242647351	flavor	352	98
2012 04 12 10 57 27	1334242647359	flavor	339	102
2012 04 12 10 57 27	1334242647367	flavor	330	106
2012 04 12 10 57 27	1334242647375	flavor	323	110
2012 04 12 10 57 27	1334242647383	flavor	319	112
2012 04 12 10 57 27	1334242647439	flavor	319	113
2012 04 12 10 57 27	1334242647447	flavor	319	114
2012 04 12 10 57 27	1334242647455	flavor	320	115
2012 04 12 10 57 27	1334242647463	flavor	321	116
2012 04 12 10 57 27	1334242647471	flavor	322	118
2012 04 12 10 57 27	1334242647479	flavor	323	119
2012 04 12 10 57 27	1334242647487	flavor	323	120
2012 04 12 10 57 27	1334242647495	flavor	324	120
2012 04 12 10 57 27	1334242647719	texture	324	132
2012 04 12 10 57 27	1334242647735	texture	325	133
2012 04 12 10 57 27	1334242647743	texture	326	135
2012 04 12 10 57 27	1334242647751	texture	327	136
2012 04 12 10 57 27	1334242647759	milk	329	138
2012 04 12 10 57 27	1334242647767	milk	331	140
2012 04 12 10 57 27	1334242647775	milk	333	142
2012 04 12 10 57 27	1334242647783	milk	336	144
2012 04 12 10 57 27	1334242647791	milk	338	147
2012 04 12 10 57 27	1334242647799	milk	341	149
2012 04 12 10 57 27	1334242647807	milk	344	151
2012 04 12 10 57 27	1334242647815	milk	346	154
2012 04 12 10 57 27	1334242647824	milk	349	156
2012 04 12 10 57 27	1334242647831	milk	351	159
2012 04 12 10 57 27	1334242647879	places	368	174
2012 04 12 10 57 27	1334242647887	places	373	177
2012 04 12 10 57 27	1334242647895	teas	377	179
2012 04 12 10 57 27	1334242647903	teas	381	181
2012 04 12 10 57 27	1334242647911	teas	385	183
2012 04 12 10 57 28	1334242648623	ave	769	340
2012 04 12 10 57 28	1334242648824	atmosphere	760	482
2012 04 12 10 57 28	1334242648832	atmosphere	751	484
2012 04 12 10 57 28	1334242648840	atmosphere	742	486
2012 04 12 10 57 28	1334242648847	atmosphere	732	486
2012 04 12 10 57 28	1334242648855	atmosphere	720	486
2012 04 12 10 57 28	1334242648863	atmosphere	707	484
2012 04 12 10 57 28	1334242648935	bubble tea	563	413
2012 04 12 10 57 28	1334242648944	bubble tea	554	404
2012 04 12 10 57 28	1334242648951	bubble tea	547	397
2012 04 12 10 57 28	1334242648959	bubble tea	545	395
2012 04 12 10 57 29	1334242649095	bubble tea	544	395
2012 04 12 10 57 29	1334242649103	bubble tea	544	396
2012 04 12 10 57 29	1334242649111	bubble tea	544	397
2012 04 12 10 57 29	1334242649119	bubble tea	544	398
2012 04 12 10 57 29	1334242649127	bubble tea	544	399
2012 04 12 10 57 29	1334242649135	bubble tea	544	400
2012 04 12 10 57 29	1334242649143	bubble tea	542	401
2012 04 12 10 57 29	1334242649151	bubble tea	542	402
2012 04 12 10 57 29	1334242649159	bubble tea	540	403
2012 04 12 10 57 29	1334242649167	bubble tea	538	404
2012 04 12 10 57 29	1334242649175	bubble tea	535	405
2012 04 12 10 57 29	1334242649183	bubble tea	532	406
2012 04 12 10 57 29	1334242649191	bubble tea	528	407
2012 04 12 10 57 29	1334242649199	bubble tea	524	408
2012 04 12 10 57 29	1334242649207	bubble tea	521	409
2012 04 12 10 57 29	1334242649215	bubble tea	518	410
2012 04 12 10 57 29	1334242649223	bubble tea	515	410
2012 04 12 10 57 29	1334242649231	bubble tea	512	412
2012 04 12 10 57 29	1334242649239	bubble tea	511	413
2012 04 12 10 57 29	1334242649247	bubble tea	509	413
2012 04 12 10 57 29	1334242649255	bubble tea	509	414
2012 04 12 10 57 29	1334242649263	bubble tea	507	415
2012 04 12 10 57 29	1334242649271	bubble tea	507	416
2012 04 12 10 57 29	1334242649279	bubble tea	506	416
2012 04 12 10 57 29	1334242649287	bubble tea	506	417
2012 04 12 10 57 29	1334242649303	bubble tea	505	417
2012 04 12 10 57 29	1334242649392	bubble tea	505	418
2012 04 12 10 57 29	1334242649568	bubble tea	505	419
2012 04 12 10 57 30	1334242650239	board	406	601
2012 04 12 10 57 30	1334242650247	board	407	601
2012 04 12 10 57 30	1334242650255	board	409	601
2012 04 12 10 57 30	1334242650263	board	411	601
2012 04 12 10 57 30	1334242650271	board	413	601
2012 04 12 10 57 30	1334242650279	board	416	602
2012 04 12 10 57 30	1334242650287	board	418	602
2012 04 12 10 57 30	1334242650295	board	420	603
2012 04 12 10 57 30	1334242650303	board	422	603
2012 04 12 10 57 30	1334242650311	board	423	604
2012 04 12 10 57 30	1334242650319	board	425	604
2012 04 12 10 57 30	1334242650327	board	426	605
2012 04 12 10 57 30	1334242650344	board	427	605
2012 04 12 10 57 30	1334242650353	board	428	606
2012 04 12 10 57 30	1334242650359	board	429	606
2012 04 12 10 57 30	1334242650464	board	430	606
2012 04 12 10 57 30	1334242650472	board	430	607
2012 04 12 10 57 30	1334242650479	board	431	607
2012 04 12 10 57 30	1334242650487	board	432	608
2012 04 12 10 57 30	1334242650495	board	433	608
2012 04 12 10 57 30	1334242650503	board	433	609
2012 04 12 10 57 30	1334242650521	board	434	609
2012 04 12 10 57 30	1334242650544	board	435	610
2012 04 12 10 57 30	1334242650551	board	435	611
2012 04 12 10 57 30	1334242650639	board games	425	625
2012 04 12 10 57 30	1334242650649	board games	423	627
2012 04 12 10 57 30	1334242650661	board games	421	628
2012 04 12 10 57 30	1334242650663	board games	419	630
2012 04 12 10 57 30	1334242650671	board games	417	631
2012 04 12 10 57 30	1334242650680	board games	416	631
2012 04 12 10 57 30	1334242650687	board games	415	632
2012 04 12 10 57 30	1334242650695	board games	413	633
2012 04 12 10 57 30	1334242650703	board games	412	634
2012 04 12 10 57 30	1334242650711	board games	410	635
2012 04 12 10 57 30	1334242650719	board games	408	635
2012 04 12 10 57 30	1334242650727	board games	406	636
2012 04 12 10 57 30	1334242650735	board games	405	637
2012 04 12 10 57 30	1334242650744	board games	404	638
2012 04 12 10 57 30	1334242650752	board games	403	639
2012 04 12 10 57 30	1334242650759	board games	402	639
2012 04 12 10 57 30	1334242650783	board games	401	639
2012 04 12 10 57 30	1334242650800	board games	400	639
2012 04 12 10 57 30	1334242650807	board games	400	640
2012 04 12 10 57 30	1334242650999	board games	399	640
2012 04 12 10 57 31	1334242651007	board games	398	641
2012 04 12 10 57 31	1334242651015	board games	396	643
2012 04 12 10 57 31	1334242651023	board games	394	644
2012 04 12 10 57 31	1334242651031	board games	391	646
2012 04 12 10 57 31	1334242651112	frozen yogurt	350	687
2012 04 12 10 57 31	1334242651119	frozen yogurt	347	690
2012 04 12 10 57 31	1334242651127	frozen yogurt	346	692
2012 04 12 10 57 31	1334242651135	frozen yogurt	345	693
2012 04 12 10 57 31	1334242651143	frozen yogurt	345	694
2012 04 12 10 57 31	1334242651159	frozen yogurt	344	695
2012 04 12 10 57 31	1334242651328	frozen yogurt	344	696
2012 04 12 10 57 31	1334242651343	frozen yogurt	343	696
2012 04 12 10 57 31	1334242651351	frozen yogurt	343	697
2012 04 12 10 57 31	1334242651375	frozen yogurt	342	698
2012 04 12 10 57 31	1334242651383	frozen yogurt	341	698
2012 04 12 10 57 31	1334242651391	frozen yogurt	340	699
2012 04 12 10 57 31	1334242651399	frozen yogurt	339	699
2012 04 12 10 57 31	1334242651407	frozen yogurt	338	700
2012 04 12 10 57 31	1334242651415	frozen yogurt	337	700
2012 04 12 10 57 31	1334242651423	frozen yogurt	336	701
2012 04 12 10 57 31	1334242651432	frozen yogurt	335	701
2012 04 12 10 57 31	1334242651440	frozen yogurt	334	701
2012 04 12 10 57 31	1334242651447	frozen yogurt	332	701
2012 04 12 10 57 31	1334242651456	frozen yogurt	331	702
2012 04 12 10 57 31	1334242651463	frozen yogurt	330	702
2012 04 12 10 57 31	1334242651471	frozen yogurt	329	702
2012 04 12 10 57 31	1334242651480	frozen yogurt	327	702
2012 04 12 10 57 31	1334242651487	frozen yogurt	325	702
2012 04 12 10 57 31	1334242651495	frozen yogurt	323	702
2012 04 12 10 57 31	1334242651503	frozen yogurt	322	702
2012 04 12 10 57 31	1334242651511	frozen yogurt	321	701
2012 04 12 10 57 31	1334242651519	frozen yogurt	320	701
2012 04 12 10 57 31	1334242651527	frozen yogurt	318	700
2012 04 12 10 57 31	1334242651536	frozen yogurt	316	698
2012 04 12 10 57 31	1334242651543	frozen yogurt	314	697
2012 04 12 10 57 31	1334242651551	frozen yogurt	312	695
2012 04 12 10 57 31	1334242651559	frozen yogurt	310	693
2012 04 12 10 57 31	1334242651567	frozen yogurt	308	691
2012 04 12 10 57 31	1334242651575	frozen yogurt	307	689
2012 04 12 10 57 31	1334242651583	frozen yogurt	305	686
2012 04 12 10 57 31	1334242651591	yogurt	304	684
2012 04 12 10 57 31	1334242651599	yogurt	303	681
2012 04 12 10 57 31	1334242651607	yogurt	302	679
2012 04 12 10 57 31	1334242651615	yogurt	300	676
2012 04 12 10 57 31	1334242651623	yogurt	299	672
2012 04 12 10 57 31	1334242651631	yogurt	297	669
2012 04 12 10 57 32	1334242652023	yogurt	298	671
2012 04 12 10 57 32	1334242652031	yogurt	303	681
2012 04 12 10 57 32	1334242652039	frozen yogurt	308	690
2012 04 12 10 57 32	1334242652047	frozen yogurt	313	698
2012 04 12 10 57 32	1334242652055	powder	315	705
2012 04 12 10 57 32	1334242652063	powder	318	709
2012 04 12 10 57 32	1334242652071	powder	320	712
2012 04 12 10 57 32	1334242652079	powder	321	713
2012 04 12 10 57 32	1334242652087	powder	321	714
2012 04 12 10 57 32	1334242652095	powder	322	714
2012 04 12 10 57 32	1334242652143	powder	323	715
2012 04 12 10 57 32	1334242652151	powder	323	716
2012 04 12 10 57 32	1334242652159	powder	324	716
2012 04 12 10 57 32	1334242652167	powder	325	717
2012 04 12 10 57 32	1334242652175	almond	327	718
2012 04 12 10 57 32	1334242652183	almond	328	719
2012 04 12 10 57 32	1334242652191	almond	329	720
2012 04 12 10 57 32	1334242652198	almond	330	720
2012 04 12 10 57 32	1334242652207	almond	331	721
2012 04 12 10 57 32	1334242652263	almond	332	721
2012 04 12 10 57 32	1334242652271	almond	332	720
2012 04 12 10 57 32	1334242652279	almond	333	719
2012 04 12 10 57 32	1334242652287	powder	334	717
2012 04 12 10 57 32	1334242652295	powder	336	715
2012 04 12 10 57 32	1334242652303	powder	337	713
2012 04 12 10 57 32	1334242652311	powder	338	712
2012 04 12 10 57 32	1334242652319	powder	339	710
2012 04 12 10 57 32	1334242652328	powder	340	709
2012 04 12 10 57 32	1334242652336	powder	340	708
2012 04 12 10 57 32	1334242652343	powder	341	707
2012 04 12 10 57 32	1334242652351	powder	341	706
2012 04 12 10 57 32	1334242652359	powder	341	705
2012 04 12 10 57 32	1334242652367	powder	341	704
2012 04 12 10 57 32	1334242652375	powder	341	703
2012 04 12 10 57 32	1334242652383	frozen yogurt	341	702
2012 04 12 10 57 32	1334242652391	frozen yogurt	341	701
2012 04 12 10 57 32	1334242652399	frozen yogurt	341	700
2012 04 12 10 57 32	1334242652407	frozen yogurt	340	700
2012 04 12 10 57 32	1334242652415	frozen yogurt	340	699
2012 04 12 10 57 32	1334242652429	frozen yogurt	339	699
2012 04 12 10 57 32	1334242652431	frozen yogurt	339	698
2012 04 12 10 57 32	1334242652447	frozen yogurt	338	698
2012 04 12 10 57 32	1334242652457	frozen yogurt	338	697
2012 04 12 10 57 32	1334242652471	frozen yogurt	337	697
2012 04 12 10 57 32	1334242652495	frozen yogurt	336	697
2012 04 12 10 57 32	1334242652503	frozen yogurt	335	697
2012 04 12 10 57 32	1334242652519	frozen yogurt	334	697
2012 04 12 10 57 32	1334242652529	frozen yogurt	333	697
2012 04 12 10 57 32	1334242652543	frozen yogurt	332	697
2012 04 12 10 57 32	1334242652551	frozen yogurt	331	697
2012 04 12 10 57 32	1334242652575	frozen yogurt	330	697
2012 04 12 10 57 32	1334242652583	frozen yogurt	330	696
2012 04 12 10 57 32	1334242652591	frozen yogurt	329	696
2012 04 12 10 57 32	1334242652599	frozen yogurt	329	695
2012 04 12 10 57 32	1334242652607	frozen yogurt	328	694
2012 04 12 10 57 32	1334242652623	frozen yogurt	327	693
2012 04 12 10 57 32	1334242652632	frozen yogurt	327	692
2012 04 12 10 57 32	1334242652640	frozen yogurt	326	692
2012 04 12 10 57 32	1334242652647	frozen yogurt	326	691
2012 04 12 10 57 33	1334242653264	frozen yogurt	326	690
2012 04 12 10 57 33	1334242653271	frozen yogurt	326	688
2012 04 12 10 57 33	1334242653279	frozen yogurt	325	686
2012 04 12 10 57 33	1334242653287	yogurt	325	684
2012 04 12 10 57 33	1334242653295	yogurt	325	681
2012 04 12 10 57 33	1334242653303	yogurt	325	678
2012 04 12 10 57 33	1334242653311	yogurt	325	674
2012 04 12 10 57 33	1334242653321	yogurt	325	669
2012 04 12 10 57 33	1334242653343	board games	327	632
2012 04 12 10 57 33	1334242653359	service	331	591
2012 04 12 10 57 33	1334242653375	students	338	543
2012 04 12 10 57 33	1334242653415	cup	344	410
2012 04 12 10 57 33	1334242653439	punch	344	343
2012 04 12 10 57 33	1334242653455	seattle	344	300
2012 04 12 10 57 33	1334242653495	wonder	344	220
2012 04 12 10 57 33	1334242653504	thing	344	211
2012 04 12 10 57 33	1334242653511	thing	344	203
2012 04 12 10 57 33	1334242653519	thing	344	198
2012 04 12 10 57 33	1334242653527	thing	344	197
2012 04 12 10 57 33	1334242653736	teas	344	196
2012 04 12 10 57 33	1334242653743	teas	344	194
2012 04 12 10 57 33	1334242653751	teas	344	192
2012 04 12 10 57 33	1334242653759	teas	345	190
2012 04 12 10 57 33	1334242653767	teas	346	189
2012 04 12 10 57 33	1334242653775	teas	346	187
2012 04 12 10 57 33	1334242653783	teas	347	186
2012 04 12 10 57 33	1334242653792	teas	347	185
2012 04 12 10 57 33	1334242653800	teas	348	184
2012 04 12 10 57 33	1334242653807	teas	348	183
2012 04 12 10 57 33	1334242653815	teas	349	182
2012 04 12 10 57 33	1334242653823	teas	350	180
2012 04 12 10 57 33	1334242653831	teas	350	178
2012 04 12 10 57 33	1334242653839	teas	352	176
2012 04 12 10 57 33	1334242653847	teas	352	174
2012 04 12 10 57 33	1334242653903	milk	360	158
2012 04 12 10 57 33	1334242653911	milk	361	156
2012 04 12 10 57 33	1334242653919	milk	362	155
2012 04 12 10 57 33	1334242653927	milk	362	154
2012 04 12 10 57 33	1334242653935	milk	362	153
2012 04 12 10 57 33	1334242653943	milk	363	152
2012 04 12 10 57 33	1334242653959	milk	363	151
2012 04 12 10 57 33	1334242653967	milk	363	150
2012 04 12 10 57 33	1334242653975	milk	363	149
2012 04 12 10 57 33	1334242653983	milk	364	149
2012 04 12 10 57 33	1334242653992	milk	364	148
2012 04 12 10 57 34	1334242654000	milk	364	147
2012 04 12 10 57 34	1334242654008	milk	364	146
2012 04 12 10 57 34	1334242654019	milk	364	144
2012 04 12 10 57 34	1334242654023	milk	364	143
2012 04 12 10 57 34	1334242654031	milk	364	142
2012 04 12 10 57 34	1334242654048	milk	364	141
2012 04 12 10 57 34	1334242654071	boba	364	140
2012 04 12 10 57 34	1334242654376	milk	364	141
2012 04 12 10 57 34	1334242654383	milk	362	143
2012 04 12 10 57 34	1334242654391	milk	358	148
2012 04 12 10 57 34	1334242654399	milk	353	154
2012 04 12 10 57 34	1334242654407	milk	349	158
2012 04 12 10 57 34	1334242654864	milk	350	160
2012 04 12 10 57 35	1334242655048	milk	351	159
2012 04 12 10 57 35	1334242655055	milk	351	158
2012 04 12 10 57 35	1334242655063	milk	352	156
2012 04 12 10 57 35	1334242655071	milk	352	155
2012 04 12 10 57 35	1334242655080	milk	353	154
2012 04 12 10 57 35	1334242655095	milk	353	153
2012 04 12 10 57 36	1334242656503	jellies	395	203
2012 04 12 10 57 36	1334242656511	jellies	396	209
2012 04 12 10 57 36	1334242656519	jellies	398	216
2012 04 12 10 57 36	1334242656527	apple	400	224
2012 04 12 10 57 36	1334242656655	bubble tea	446	402
2012 04 12 10 57 36	1334242656664	bubble tea	448	418
2012 04 12 10 58 14	1334242694623	frozen yogurt	373	701
2012 04 12 10 58 14	1334242694631	frozen yogurt	373	698
2012 04 12 10 58 14	1334242694639	frozen yogurt	372	695
2012 04 12 10 58 14	1334242694647	frozen yogurt	371	693
2012 04 12 10 58 14	1334242694655	frozen yogurt	371	691
2012 04 12 10 58 14	1334242694663	frozen yogurt	370	689
2012 04 12 10 58 14	1334242694671	frozen yogurt	370	688
2012 04 12 10 58 14	1334242694679	frozen yogurt	369	687
2012 04 12 10 58 14	1334242694687	frozen yogurt	369	686
2012 04 12 10 58 14	1334242694743	board games	369	643
2012 04 12 10 58 14	1334242694751	board games	369	629
2012 04 12 10 58 14	1334242694775	service	363	595
2012 04 12 10 58 14	1334242694783	service	359	587
2012 04 12 10 58 14	1334242694791	service	358	580
2012 04 12 10 58 14	1334242694847	people	379	493
2012 04 12 10 58 14	1334242694887	bubble tea	455	416
2012 04 12 10 58 14	1334242694897	bubble tea	466	407
2012 04 12 10 58 14	1334242694904	bubble tea	476	399
2012 04 12 10 58 14	1334242694911	bubble tea	485	392
2012 04 12 10 58 15	1334242695271	bubble	479	141
2012 04 12 10 58 15	1334242695279	bubble	472	138
2012 04 12 10 58 15	1334242695287	bubble	465	137
2012 04 12 10 58 15	1334242695295	bubble	457	135
2012 04 12 10 58 15	1334242695303	bubble	447	134
2012 04 12 10 58 15	1334242695311	bubble	434	134
2012 04 12 10 58 15	1334242695319	bubble	420	134
2012 04 12 10 58 15	1334242695327	bubble	405	136
2012 04 12 10 58 15	1334242695335	bubble	389	138
2012 04 12 10 58 15	1334242695343	boba	373	140
2012 04 12 10 58 15	1334242695351	milk	358	142
2012 04 12 10 58 15	1334242695359	milk	344	144
2012 04 12 10 58 15	1334242695367	milk	329	146
2012 04 12 10 58 15	1334242695376	texture	316	146
2012 04 12 10 58 15	1334242695384	texture	304	146
2012 04 12 10 58 15	1334242695391	texture	293	146
2012 04 12 10 58 15	1334242695399	texture	284	146
2012 04 12 10 58 15	1334242695407	texture	276	144
2012 04 12 10 58 15	1334242695415	years	270	144
2012 04 12 10 58 15	1334242695423	years	263	143
2012 04 12 10 58 15	1334242695431	years	259	143
2012 04 12 10 58 15	1334242695439	years	256	141
2012 04 12 10 58 15	1334242695447	years	254	141
2012 04 12 10 58 15	1334242695455	years	252	140
2012 04 12 10 58 15	1334242695463	years	250	140
2012 04 12 10 58 15	1334242695471	years	248	140
2012 04 12 10 58 15	1334242695480	years	247	140
2012 04 12 10 58 15	1334242695488	years	246	140
2012 04 12 10 58 15	1334242695495	years	245	139
2012 04 12 10 58 15	1334242695503	years	244	139
2012 04 12 10 58 15	1334242695511	years	243	139
2012 04 12 10 58 15	1334242695519	years	242	139
2012 04 12 10 58 15	1334242695527	years	241	139
2012 04 12 10 58 15	1334242695559	years	240	139
2012 04 12 10 58 15	1334242695584	years	240	140
2012 04 12 10 58 15	1334242695591	years	240	141
2012 04 12 10 58 15	1334242695607	years	240	142
2012 04 12 10 58 15	1334242695615	years	240	143
2012 04 12 10 58 15	1334242695623	years	240	144
2012 04 12 10 58 15	1334242695631	years	241	145
2012 04 12 10 58 15	1334242695639	years	241	146
2012 04 12 10 58 15	1334242695647	years	242	147
2012 04 12 10 58 15	1334242695655	years	243	148
2012 04 12 10 58 15	1334242695688	strawberry	248	154
2012 04 12 10 58 15	1334242695696	strawberry	250	156
2012 04 12 10 58 15	1334242695703	strawberry	251	157
2012 04 12 10 58 15	1334242695714	strawberry	252	158
2012 04 12 10 58 15	1334242695719	strawberry	254	159
2012 04 12 10 58 15	1334242695727	strawberry	255	161
2012 04 12 10 58 15	1334242695735	strawberry	256	162
2012 04 12 10 58 15	1334242695743	strawberry	258	164
2012 04 12 10 58 15	1334242695753	strawberry	260	165
2012 04 12 10 58 15	1334242695759	strawberry	261	167
2012 04 12 10 58 15	1334242695769	strawberry	263	168
2012 04 12 10 58 15	1334242695775	strawberry	264	170
2012 04 12 10 58 15	1334242695831	wow	276	183
2012 04 12 10 58 15	1334242695839	wow	279	184
2012 04 12 10 58 15	1334242695847	friend	280	186
2012 04 12 10 58 15	1334242695855	friend	282	188
2012 04 12 10 58 15	1334242695863	friend	285	191
2012 04 12 10 58 15	1334242695871	friend	288	193
2012 04 12 10 58 15	1334242695879	friend	291	195
2012 04 12 10 58 15	1334242695887	friend	294	198
2012 04 12 10 58 15	1334242695911	wonder	305	207
2012 04 12 10 58 15	1334242695919	wonder	310	211
2012 04 12 10 58 15	1334242695927	wonder	315	215
2012 04 12 10 58 15	1334242695935	wonder	320	219
2012 04 12 10 58 15	1334242695943	wonder	326	223
2012 04 12 10 58 16	1334242696711	cup	339	405
2012 04 12 10 58 16	1334242696719	cup	337	406
2012 04 12 10 58 16	1334242696727	cup	335	407
2012 04 12 10 58 16	1334242696735	cup	334	409
2012 04 12 10 58 16	1334242696743	cup	332	411
2012 04 12 10 58 16	1334242696751	cup	331	414
2012 04 12 10 58 16	1334242696759	cup	330	418
2012 04 12 10 58 17	1334242697079	games	391	566
2012 04 12 10 58 17	1334242697087	games	391	567
2012 04 12 10 58 17	1334242697095	games	392	568
2012 04 12 10 58 17	1334242697103	games	392	569
2012 04 12 10 58 17	1334242697119	games	393	570
2012 04 12 10 58 17	1334242697127	games	393	571
2012 04 12 10 58 17	1334242697135	games	393	572
2012 04 12 10 58 17	1334242697143	games	394	573
2012 04 12 10 58 17	1334242697151	games	395	574
2012 04 12 10 58 17	1334242697159	games	395	575
2012 04 12 10 58 17	1334242697167	games	396	576
2012 04 12 10 58 17	1334242697175	games	397	576
2012 04 12 10 58 17	1334242697184	games	397	577
2012 04 12 10 58 17	1334242697199	games	397	578
2012 04 12 10 58 17	1334242697207	games	397	579
2012 04 12 10 58 17	1334242697231	games	398	580
2012 04 12 10 58 17	1334242697239	games	398	581
2012 04 12 10 58 17	1334242697247	games	399	582
2012 04 12 10 58 17	1334242697255	games	399	583
2012 04 12 10 58 17	1334242697263	games	400	584
2012 04 12 10 58 17	1334242697271	games	401	586
2012 04 12 10 58 17	1334242697279	games	402	587
2012 04 12 10 58 17	1334242697311	board	406	593
2012 04 12 10 58 17	1334242697319	board	407	594
2012 04 12 10 58 17	1334242697335	board	408	595
2012 04 12 10 58 17	1334242697343	board	409	596
2012 04 12 10 58 17	1334242697351	board	409	597
2012 04 12 10 58 17	1334242697359	board	410	597
2012 04 12 10 58 17	1334242697367	board	411	598
2012 04 12 10 58 17	1334242697375	board	411	599
2012 04 12 10 58 17	1334242697383	board	413	600
2012 04 12 10 58 17	1334242697392	board	414	602
2012 04 12 10 58 17	1334242697400	board	415	603
2012 04 12 10 58 17	1334242697412	board	416	604
2012 04 12 10 58 17	1334242697415	board	417	605
2012 04 12 10 58 17	1334242697423	board	419	606
2012 04 12 10 58 17	1334242697431	board	420	608
2012 04 12 10 58 17	1334242697439	board	421	609
2012 04 12 10 58 17	1334242697447	board	422	610
2012 04 12 10 58 17	1334242697455	board	423	611
2012 04 12 10 58 17	1334242697607	board games	418	624
2012 04 12 10 58 17	1334242697615	board games	417	624
2012 04 12 10 58 17	1334242697623	board games	417	625
2012 04 12 10 58 17	1334242697631	board games	416	626
2012 04 12 10 58 17	1334242697639	board games	415	626
2012 04 12 10 58 17	1334242697647	board games	414	627
2012 04 12 10 58 17	1334242697655	board games	413	627
2012 04 12 10 58 17	1334242697663	board games	413	628
2012 04 12 10 58 17	1334242697679	board games	412	629
2012 04 12 10 58 17	1334242697711	board games	411	630
2012 04 12 10 58 17	1334242697720	board games	410	631
2012 04 12 10 58 17	1334242697727	board games	409	632
2012 04 12 10 58 17	1334242697735	board games	408	633
2012 04 12 10 58 17	1334242697743	board games	407	634
2012 04 12 10 58 17	1334242697751	board games	406	635
2012 04 12 10 58 17	1334242697759	board games	405	636
2012 04 12 10 58 17	1334242697767	board games	404	637
2012 04 12 10 58 17	1334242697775	board games	404	638
2012 04 12 10 58 17	1334242697783	board games	403	639
2012 04 12 10 58 17	1334242697791	board games	402	639
2012 04 12 10 58 17	1334242697799	board games	402	640
2012 04 12 10 58 17	1334242697807	board games	402	641
2012 04 12 10 58 17	1334242697816	board games	401	641
2012 04 12 10 58 17	1334242697823	board games	401	642
2012 04 12 10 58 17	1334242697831	board games	400	642
2012 04 12 10 58 19	1334242699991	fun	682	553
2012 04 12 10 58 19	1334242699999	fun	669	562
2012 04 12 10 58 51	1334242731815	almond	336	733
2012 04 12 10 58 51	1334242731823	almond	331	726
2012 04 12 10 58 51	1334242731831	almond	327	722
2012 04 12 10 58 51	1334242731839	almond	327	719
2012 04 12 10 58 51	1334242731847	almond	326	719
2012 04 12 10 58 51	1334242731855	almond	326	718
2012 04 12 10 58 51	1334242731871	powder	326	717
2012 04 12 10 58 51	1334242731879	powder	325	716
2012 04 12 10 58 51	1334242731887	powder	324	714
2012 04 12 10 58 51	1334242731895	powder	322	710
2012 04 12 10 58 51	1334242731903	powder	319	705
2012 04 12 10 58 51	1334242731911	frozen yogurt	314	694
2012 04 12 10 58 51	1334242731920	yogurt	310	681
2012 04 12 10 58 51	1334242731975	students	290	542
2012 04 12 10 58 51	1334242731991	fruit	290	493
2012 04 12 10 58 52	1334242732007	real fruit	293	453
2012 04 12 10 58 52	1334242732095	punch	325	345
2012 04 12 10 58 52	1334242732103	card	323	334
2012 04 12 10 58 52	1334242732111	card	320	322
2012 04 12 10 58 52	1334242732367	years	233	145
2012 04 12 10 58 52	1334242732375	yunnie	231	133
2012 04 12 10 58 52	1334242732383	yunnie	231	123
2012 04 12 10 58 52	1334242732391	time	231	113
2012 04 12 10 58 52	1334242732399	time	231	105
2012 04 12 10 58 52	1334242732407	time	233	98
2012 04 12 10 58 52	1334242732415	time	235	93
2012 04 12 10 58 52	1334242732447	smoothie	245	81
2012 04 12 10 58 52	1334242732455	smoothie	249	79
2012 04 12 10 58 52	1334242732719	person	332	71
2012 04 12 10 58 52	1334242732727	person	330	75
2012 04 12 10 58 52	1334242732735	smoothie	328	79
2012 04 12 10 58 52	1334242732743	smoothie	324	85
2012 04 12 10 58 52	1334242732751	smoothie	320	92
2012 04 12 10 58 52	1334242732759	smoothie	317	99
2012 04 12 10 58 52	1334242732991	flavor	329	120
2012 04 12 10 58 52	1334242732999	flavor	341	114
2012 04 12 10 58 53	1334242733007	flavor	354	108
2012 04 12 10 58 53	1334242733015	flavor	371	101
2012 04 12 10 58 53	1334242733031	place	407	87
2012 04 12 10 58 53	1334242733039	place	425	80
2012 04 12 10 58 53	1334242733247	tables	603	56
2012 04 12 10 58 53	1334242733255	tables	606	58
2012 04 12 10 58 53	1334242733263	tables	610	61
2012 04 12 10 58 53	1334242733271	tables	614	63
2012 04 12 10 58 53	1334242733583	right	732	231
2012 04 12 10 58 53	1334242733591	right	734	237
2012 04 12 10 58 53	1334242733759	ave	766	337
2012 04 12 10 58 53	1334242733768	ave	768	343
2012 04 12 10 58 53	1334242733976	atmosphere	757	481
2012 04 12 10 58 53	1334242733983	atmosphere	755	484
2012 04 12 10 58 53	1334242733991	atmosphere	753	486
2012 04 12 10 58 53	1334242733999	atmosphere	751	488
2012 04 12 10 58 54	1334242734007	atmosphere	749	489
2012 04 12 10 58 54	1334242734015	atmosphere	747	490
2012 04 12 10 58 54	1334242734023	atmosphere	746	491
2012 04 12 10 58 54	1334242734031	atmosphere	745	492
2012 04 12 10 58 54	1334242734047	atmosphere	743	493
2012 04 12 10 58 54	1334242734055	atmosphere	741	494
2012 04 12 10 58 54	1334242734071	atmosphere	739	495
2012 04 12 10 58 54	1334242734080	atmosphere	737	496
2012 04 12 10 58 55	1334242735255	atmosphere	733	496
2012 04 12 10 58 55	1334242735311	atmosphere	733	495
2012 04 12 11 01 26	1334242886175	atmosphere	709	483
2012 04 12 11 01 26	1334242886399	places	430	174
2012 04 12 11 01 26	1334242886407	places	411	176
2012 04 12 11 01 26	1334242886415	places	390	178
2012 04 12 11 01 26	1334242886423	teas	373	180
2012 04 12 11 01 26	1334242886431	teas	360	182
2012 04 12 11 01 26	1334242886439	teas	349	182
2012 04 12 11 01 26	1334242886447	teas	339	184
2012 04 12 11 01 26	1334242886560	wow	324	182
2012 04 12 11 01 26	1334242886568	wow	323	181
2012 04 12 11 01 26	1334242886579	wow	323	180
2012 04 12 11 01 26	1334242886583	wow	322	179
2012 04 12 11 01 26	1334242886591	wow	321	178
2012 04 12 11 01 26	1334242886599	wow	321	176
2012 04 12 11 01 26	1334242886607	wow	320	174
2012 04 12 11 01 26	1334242886615	wow	319	173
2012 04 12 11 01 26	1334242886623	wow	319	171
2012 04 12 11 01 26	1334242886631	wow	319	169
2012 04 12 11 01 26	1334242886639	wow	319	168
2012 04 12 11 01 26	1334242886647	wow	319	165
2012 04 12 11 01 26	1334242886655	wow	320	163
2012 04 12 11 01 26	1334242886664	strawberry	323	160
2012 04 12 11 01 26	1334242886672	strawberry	328	156
2012 04 12 11 01 26	1334242886680	milk	334	152
2012 04 12 11 01 26	1334242886687	milk	340	148
2012 04 12 11 01 26	1334242886695	milk	347	145
2012 04 12 11 01 26	1334242886703	milk	354	145
2012 04 12 11 01 26	1334242886711	milk	361	143
2012 04 12 11 01 26	1334242886720	milk	368	143
2012 04 12 11 01 26	1334242886727	milk	374	143
2012 04 12 11 01 26	1334242886751	bubble	390	147
2012 04 12 11 01 26	1334242886759	bubble	394	149
2012 04 12 11 01 26	1334242886768	bubble	396	150
2012 04 12 11 01 26	1334242886776	bubble	398	152
2012 04 12 11 01 26	1334242886783	bubble	399	154
2012 04 12 11 01 26	1334242886791	places	400	157
2012 04 12 11 01 26	1334242886799	places	401	159
2012 04 12 11 01 26	1334242886807	places	402	161
2012 04 12 11 01 26	1334242886815	places	403	163
2012 04 12 11 01 26	1334242886824	places	404	165
2012 04 12 11 01 26	1334242886835	places	406	166
2012 04 12 11 01 26	1334242886839	places	406	167
2012 04 12 11 01 26	1334242886929	places	407	167
2012 04 12 11 01 26	1334242886936	places	407	166
2012 04 12 11 01 26	1334242886943	places	408	165
2012 04 12 11 01 26	1334242886951	places	409	164
2012 04 12 11 01 26	1334242886959	places	410	162
2012 04 12 11 01 26	1334242886967	places	411	160
2012 04 12 11 01 26	1334242886975	places	412	158
2012 04 12 11 01 26	1334242886984	bubble	413	156
2012 04 12 11 01 26	1334242886991	bubble	414	154
2012 04 12 11 01 26	1334242886999	bubble	414	153
2012 04 12 11 01 27	1334242887007	bubble	415	151
2012 04 12 11 01 27	1334242887015	bubble	415	150
2012 04 12 11 01 27	1334242887023	bubble	415	149
2012 04 12 11 01 27	1334242887031	bubble	415	148
2012 04 12 11 01 27	1334242887039	bubble	416	147
2012 04 12 11 01 27	1334242887056	bubble	416	146
2012 04 12 11 01 27	1334242887208	bubble	416	147
2012 04 12 11 01 27	1334242887216	bubble	416	148
2012 04 12 11 01 27	1334242887223	bubble	416	150
2012 04 12 11 01 27	1334242887231	bubble	416	151
2012 04 12 11 01 27	1334242887239	bubble	416	152
2012 04 12 11 01 27	1334242887247	bubble	416	153
2012 04 12 11 01 27	1334242887255	bubble	416	154
2012 04 12 11 01 27	1334242887464	bubble	416	153
2012 04 12 11 01 27	1334242887471	bubble	416	152
2012 04 12 11 01 27	1334242887480	bubble	416	151
2012 04 12 11 01 27	1334242887487	bubble	416	150
2012 04 12 11 01 27	1334242887503	bubble	416	149
2012 04 12 11 01 27	1334242887511	bubble	415	149
2012 04 12 11 01 28	1334242888085	bubble	414	154
2012 04 12 11 01 28	1334242888088	bubble	414	155
2012 04 12 11 01 28	1334242888095	bubble	413	155
2012 04 12 11 01 28	1334242888103	bubble	413	156
2012 04 12 11 01 28	1334242888111	bubble	412	156
2012 04 12 11 01 28	1334242888119	places	412	157
2012 04 12 11 01 28	1334242888127	places	411	158
2012 04 12 11 01 28	1334242888135	places	411	159
2012 04 12 11 01 28	1334242888143	places	410	160
2012 04 12 11 01 28	1334242888151	places	409	160
2012 04 12 11 01 28	1334242888159	places	409	161
2012 04 12 11 01 28	1334242888167	places	409	162
2012 04 12 11 01 28	1334242888175	places	408	163
2012 04 12 11 01 28	1334242888192	places	408	164
2012 04 12 11 01 28	1334242888199	places	408	165
2012 04 12 11 01 28	1334242888207	places	408	166
2012 04 12 11 01 28	1334242888215	places	407	167
2012 04 12 11 01 28	1334242888223	places	407	168
2012 04 12 11 01 28	1334242888231	places	407	169
2012 04 12 11 01 28	1334242888239	places	407	171
2012 04 12 11 01 28	1334242888247	places	406	172
2012 04 12 11 01 28	1334242888255	places	406	174
2012 04 12 11 01 28	1334242888263	places	406	175
2012 04 12 11 01 28	1334242888271	places	405	177
2012 04 12 11 01 28	1334242888319	jellies	403	202
2012 04 12 11 01 28	1334242888327	jellies	401	211
2012 04 12 11 01 28	1334242888335	apple	401	221
2012 04 12 11 01 31	1334242891167	apple	375	229
2012 04 12 11 01 31	1334242891175	apple	371	224
2012 04 12 11 01 31	1334242891183	apple	369	222
2012 04 12 11 01 31	1334242891215	apple	371	222
2012 04 12 11 01 31	1334242891223	apple	373	223
2012 04 12 11 01 31	1334242891231	apple	376	226
2012 04 12 11 01 31	1334242891551	bubble tea	495	394
2012 04 12 11 01 31	1334242891559	bubble tea	495	399
2012 04 12 11 01 31	1334242891567	bubble tea	493	404
2012 04 12 11 01 31	1334242891575	bubble tea	492	408
2012 04 12 11 01 31	1334242891583	bubble tea	492	410
2012 04 12 11 01 31	1334242891591	bubble tea	491	412
2012 04 12 11 01 31	1334242891599	bubble tea	490	413
2012 04 12 11 01 31	1334242891607	bubble tea	490	414
2012 04 12 11 01 31	1334242891615	bubble tea	490	415
2012 04 12 11 01 31	1334242891623	bubble tea	490	416
2012 04 12 11 01 31	1334242891632	bubble tea	490	417
2012 04 12 11 01 31	1334242891647	bubble tea	489	417
2012 04 12 11 01 31	1334242891662	bubble tea	489	418
2012 04 12 11 01 31	1334242891663	bubble tea	488	418
2012 04 12 11 01 31	1334242891672	bubble tea	488	419
2012 04 12 11 01 31	1334242891679	bubble tea	487	420
2012 04 12 11 01 31	1334242891831	bubble tea	483	420
2012 04 12 11 01 31	1334242891839	bubble tea	482	418
2012 04 12 11 01 31	1334242891847	bubble tea	482	417
2012 04 12 11 01 31	1334242891855	bubble tea	481	415
2012 04 12 11 01 31	1334242891863	bubble tea	481	413
2012 04 12 11 01 31	1334242891871	bubble tea	481	412
2012 04 12 11 01 31	1334242891879	bubble tea	481	410
2012 04 12 11 01 31	1334242891897	bubble tea	481	409
2012 04 12 11 01 33	1334242893280	bubble tea	479	415
2012 04 12 11 01 33	1334242893336	bubble tea	479	416
2012 04 12 11 01 33	1334242893516	bubble tea	479	417
2012 04 12 11 01 33	1334242893671	bubble tea	479	418
2012 04 12 11 01 33	1334242893800	bubble tea	480	418
2012 04 12 11 01 33	1334242893807	bubble tea	481	418
2012 04 12 11 01 33	1334242893815	bubble tea	483	419
2012 04 12 11 01 33	1334242893823	bubble tea	485	420
2012 04 12 11 01 33	1334242893911	feel	508	440
2012 04 12 11 01 33	1334242893919	feel	511	448
