2012 04 11 19 18 44	1334186324324	apple	184	477
2012 04 11 19 18 44	1334186324332	apple	203	471
2012 04 11 19 18 44	1334186324340	cream	222	466
2012 04 11 19 18 44	1334186324388	right	261	449
2012 04 11 19 18 44	1334186324395	right	261	448
2012 04 11 19 18 44	1334186324404	right	262	448
2012 04 11 19 18 44	1334186324420	right	262	447
2012 04 11 19 18 44	1334186324428	right	263	446
2012 04 11 19 18 44	1334186324437	right	266	444
2012 04 11 19 18 44	1334186324444	right	276	439
2012 04 11 19 18 44	1334186324655	wow	719	469
2012 04 11 19 18 44	1334186324680	person	776	488
2012 04 11 19 18 44	1334186324684	person	785	493
2012 04 11 19 18 44	1334186324696	person	791	497
2012 04 11 19 18 44	1334186324702	person	796	501
2012 04 11 19 18 44	1334186324760	almond	811	526
2012 04 11 19 18 44	1334186324776	almond	818	537
2012 04 11 19 18 45	1334186325108	almond	819	537
2012 04 11 19 18 45	1334186325116	almond	814	530
2012 04 11 19 18 45	1334186325140	person	797	496
2012 04 11 19 18 45	1334186325164	kind	792	452
2012 04 11 19 18 45	1334186325213	college	796	392
2012 04 11 19 18 45	1334186325220	college	794	384
2012 04 11 19 18 45	1334186325556	teas	543	225
2012 04 11 19 18 45	1334186325564	teas	542	225
2012 04 11 19 18 45	1334186325572	teas	541	225
2012 04 11 19 18 45	1334186325580	teas	540	224
2012 04 11 19 18 45	1334186325596	teas	539	223
2012 04 11 19 18 45	1334186325620	teas	540	223
2012 04 11 19 18 45	1334186325628	teas	540	224
2012 04 11 19 18 45	1334186325636	teas	540	225
2012 04 11 19 18 45	1334186325644	teas	540	227
2012 04 11 19 18 45	1334186325652	teas	539	228
2012 04 11 19 18 45	1334186325661	teas	539	229
2012 04 11 19 18 45	1334186325692	teas	538	230
2012 04 11 19 18 45	1334186325700	teas	538	231
2012 04 11 19 18 45	1334186325748	board games	526	237
2012 04 11 19 18 45	1334186325756	board games	523	238
2012 04 11 19 18 45	1334186325765	board games	520	238
2012 04 11 19 18 45	1334186325773	board games	515	240
2012 04 11 19 18 45	1334186325780	board games	510	241
2012 04 11 19 18 45	1334186325788	board games	502	244
2012 04 11 19 18 45	1334186325796	board games	495	245
2012 04 11 19 18 45	1334186325804	board games	488	248
2012 04 11 19 18 45	1334186325812	board games	483	251
2012 04 11 19 18 45	1334186325820	board games	477	252
2012 04 11 19 18 45	1334186325828	board games	472	255
2012 04 11 19 18 45	1334186325836	board games	467	258
2012 04 11 19 18 45	1334186325844	stars	463	261
2012 04 11 19 18 45	1334186325852	bubble tea	459	265
2012 04 11 19 18 45	1334186325860	bubble tea	455	270
2012 04 11 19 18 45	1334186325874	bubble tea	451	274
2012 04 11 19 18 45	1334186325876	bubble tea	450	278
2012 04 11 19 18 45	1334186325884	bubble tea	448	280
2012 04 11 19 18 45	1334186325892	bubble tea	447	281
2012 04 11 19 18 45	1334186325900	bubble tea	447	282
2012 04 11 19 18 45	1334186325940	bubble tea	447	283
2012 04 11 19 18 45	1334186325956	bubble tea	446	284
2012 04 11 19 18 45	1334186325964	bubble tea	446	285
2012 04 11 19 18 45	1334186325981	bubble tea	446	286
2012 04 11 19 18 46	1334186326012	bubble tea	446	287
2012 04 11 19 18 46	1334186326109	bubble tea	447	287
2012 04 11 19 18 46	1334186326116	bubble tea	448	287
2012 04 11 19 18 46	1334186326125	bubble tea	449	286
2012 04 11 19 18 46	1334186326132	bubble tea	450	286
2012 04 11 19 18 46	1334186326140	bubble tea	451	286
2012 04 11 19 18 46	1334186326148	bubble tea	452	286
2012 04 11 19 18 46	1334186326213	bubble tea	452	285
2012 04 11 19 18 46	1334186326220	bubble tea	453	285
2012 04 11 19 18 46	1334186326317	bubble tea	454	285
2012 04 11 19 18 46	1334186326373	bubble tea	455	285
2012 04 11 19 18 46	1334186326388	bubble tea	456	285
2012 04 11 19 18 46	1334186326485	bubble tea	457	285
2012 04 11 19 18 46	1334186326516	bubble tea	458	285
2012 04 11 19 18 46	1334186326580	bubble tea	458	286
2012 04 11 19 18 46	1334186326668	bubble tea	459	286
2012 04 11 19 18 46	1334186326676	bubble tea	460	286
2012 04 11 19 18 46	1334186326708	bubble tea	461	286
2012 04 11 19 18 49	1334186329998	bubble tea	448	287
2012 04 11 19 18 50	1334186330472	bubble tea	448	284
2012 04 11 19 18 50	1334186330636	bubble tea	448	283
2012 04 11 19 18 50	1334186330772	bubble tea	448	285
2012 04 11 19 18 50	1334186330780	bubble tea	447	289
2012 04 11 19 18 50	1334186330788	tapioca	443	301
2012 04 11 19 18 50	1334186330804	tables	428	347
2012 04 11 19 20 20	1334186420636	real fruit	709	549
2012 04 11 19 20 20	1334186420644	real fruit	707	549
2012 04 11 19 20 20	1334186420652	real fruit	705	549
2012 04 11 19 20 22	1334186422372	real fruit	710	539
2012 04 11 19 20 22	1334186422380	real fruit	717	533
2012 04 11 19 20 22	1334186422388	bit	723	527
2012 04 11 19 20 22	1334186422420	person	761	487
2012 04 11 19 20 22	1334186422436	kind	784	457
2012 04 11 19 20 22	1334186422468	college	817	385
2012 04 11 19 20 22	1334186422516	strawberry	813	238
2012 04 11 19 20 22	1334186422684	punch	400	151
2012 04 11 19 20 22	1334186422724	business	396	344
2012 04 11 19 20 22	1334186422732	students	415	375
2012 04 11 19 20 22	1334186422756	christian music	512	416
2012 04 11 19 20 22	1334186422764	christian music	559	414
2012 04 11 19 20 22	1334186422772	christian music	607	412
2012 04 11 19 20 22	1334186422780	cash	654	403
2012 04 11 19 20 22	1334186422789	board	699	390
2012 04 11 19 20 22	1334186422797	smoothie	743	373
2012 04 11 19 20 22	1334186422868	ave.	815	190
2012 04 11 19 20 22	1334186422956	games	458	167
2012 04 11 19 20 22	1334186422988	bubble tea	410	292
2012 04 11 19 20 23	1334186423004	bible verses	417	338
2012 04 11 19 20 23	1334186423012	verses	430	353
2012 04 11 19 20 23	1334186423020	verses	447	362
2012 04 11 19 20 23	1334186423084	bubbles	634	335
2012 04 11 19 20 23	1334186423092	environment	645	323
2012 04 11 19 20 23	1334186423109	drinks	645	299
2012 04 11 19 20 23	1334186423117	milk	640	286
2012 04 11 19 20 23	1334186423124	milk	629	271
2012 04 11 19 20 23	1334186423172	fruit	510	202
2012 04 11 19 20 23	1334186423180	fruit	489	202
2012 04 11 19 20 23	1334186423196	fresh fruit	453	218
2012 04 11 19 20 23	1334186423221	bubble tea	417	277
2012 04 11 19 20 23	1334186423228	tapioca	412	303
2012 04 11 19 20 23	1334186423236	bible verses	412	326
2012 04 11 19 20 23	1334186423244	tables	417	345
2012 04 11 19 20 23	1334186423252	verses	428	358
2012 04 11 19 20 23	1334186423260	students	445	369
2012 04 11 19 20 23	1334186423268	students	464	374
2012 04 11 19 20 23	1334186423364	environment	612	330
2012 04 11 19 20 23	1334186423372	environment	599	325
2012 04 11 19 20 23	1334186423412	music	503	316
2012 04 11 19 20 23	1334186423420	music	482	316
2012 04 11 19 20 23	1334186423428	music	467	318
2012 04 11 19 20 23	1334186423436	music	452	320
2012 04 11 19 20 23	1334186423445	music	441	322
2012 04 11 19 20 23	1334186423452	bible verses	434	324
2012 04 11 19 20 23	1334186423461	bible verses	429	326
2012 04 11 19 20 23	1334186423468	bible verses	428	327
2012 04 11 19 20 23	1334186423484	bible verses	428	328
2012 04 11 19 20 23	1334186423492	bible verses	429	329
2012 04 11 19 20 23	1334186423500	bible verses	431	330
2012 04 11 19 20 23	1334186423508	bible verses	433	331
2012 04 11 19 20 23	1334186423516	bible verses	435	332
2012 04 11 19 20 23	1334186423526	bible verses	438	334
2012 04 11 19 20 23	1334186423534	bible verses	442	336
2012 04 11 19 20 23	1334186423543	bible verses	446	337
2012 04 11 19 20 23	1334186423548	bible verses	454	339
2012 04 11 19 20 23	1334186423620	bible verses	476	333
2012 04 11 19 20 23	1334186423628	music	465	328
2012 04 11 19 20 23	1334186423638	music	448	321
2012 04 11 19 20 23	1334186423644	tapioca	429	313
2012 04 11 19 20 23	1334186423652	tapioca	409	305
2012 04 11 19 20 23	1334186423700	place	329	275
2012 04 11 19 20 24	1334186424284	punch	395	162
2012 04 11 19 20 24	1334186424476	punch	395	166
2012 04 11 19 20 24	1334186424508	games	457	178
2012 04 11 19 20 24	1334186424516	games	478	182
2012 04 11 19 20 24	1334186424523	fruit	499	187
2012 04 11 19 20 24	1334186424700	teas	539	216
2012 04 11 19 20 24	1334186424708	teas	521	212
2012 04 11 19 20 24	1334186424716	teas	506	210
2012 04 11 19 20 24	1334186424732	fresh fruit	486	212
2012 04 11 19 20 24	1334186424740	fresh fruit	481	212
2012 04 11 19 20 24	1334186424748	fresh fruit	480	213
2012 04 11 19 20 24	1334186424772	fresh fruit	480	214
2012 04 11 19 20 24	1334186424780	fresh fruit	482	215
2012 04 11 19 20 24	1334186424788	fresh fruit	486	216
2012 04 11 19 20 24	1334186424805	teas	508	220
2012 04 11 19 20 24	1334186424812	teas	524	222
2012 04 11 19 20 24	1334186424820	teas	543	224
2012 04 11 19 20 24	1334186424868	bubble	677	224
2012 04 11 19 20 24	1334186424875	bubble	694	224
2012 04 11 19 20 24	1334186424883	bubble	709	224
2012 04 11 19 20 24	1334186424891	bubble	720	224
2012 04 11 19 20 24	1334186424899	bubble	730	224
2012 04 11 19 20 24	1334186424909	bubble	739	224
2012 04 11 19 20 24	1334186424919	bubble	743	224
2012 04 11 19 20 24	1334186424923	bubble	746	224
2012 04 11 19 20 24	1334186424956	bubble	745	224
2012 04 11 19 20 24	1334186424964	bubble	742	224
2012 04 11 19 20 24	1334186424971	bubble	740	224
2012 04 11 19 20 24	1334186424980	bubble	737	224
2012 04 11 19 20 24	1334186424988	bubble	734	224
2012 04 11 19 20 24	1334186424995	bubble	731	224
2012 04 11 19 20 25	1334186425003	bubble	727	224
2012 04 11 19 20 25	1334186425013	bubble	723	224
2012 04 11 19 20 25	1334186425020	bubble	720	225
2012 04 11 19 20 25	1334186425029	bubble	718	225
2012 04 11 19 20 25	1334186425036	bubble	716	225
2012 04 11 19 20 25	1334186425044	bubble	715	225
2012 04 11 19 20 25	1334186425060	bubble	714	225
2012 04 11 19 20 25	1334186425076	bubble	713	224
2012 04 11 19 20 25	1334186425117	bubble	714	224
2012 04 11 19 20 25	1334186425124	bubble	717	224
2012 04 11 19 20 25	1334186425133	bubble	722	221
2012 04 11 19 20 25	1334186425142	bubble	729	220
2012 04 11 19 20 25	1334186425148	bubble	735	217
2012 04 11 19 20 25	1334186425156	bubble	742	216
2012 04 11 19 20 25	1334186425164	bubble	748	213
2012 04 11 19 20 25	1334186425171	bubble	753	210
2012 04 11 19 20 25	1334186425180	day	757	207
2012 04 11 19 20 25	1334186425189	lots	760	204
2012 04 11 19 20 25	1334186425197	powder	761	200
2012 04 11 19 20 25	1334186425205	powder	762	199
2012 04 11 19 20 25	1334186425212	powder	762	197
2012 04 11 19 20 25	1334186425220	powder	762	195
2012 04 11 19 20 25	1334186425228	powder	762	194
2012 04 11 19 20 25	1334186425235	powder	760	192
2012 04 11 19 20 25	1334186425243	powder	759	191
2012 04 11 19 20 25	1334186425251	powder	757	190
2012 04 11 19 20 25	1334186425259	powder	755	189
2012 04 11 19 20 25	1334186425268	powder	752	189
2012 04 11 19 20 25	1334186425275	powder	750	188
2012 04 11 19 20 25	1334186425284	powder	747	187
2012 04 11 19 20 25	1334186425293	powder	744	187
2012 04 11 19 20 25	1334186425300	powder	741	186
2012 04 11 19 20 25	1334186425308	powder	738	185
2012 04 11 19 20 25	1334186425324	flavor	731	182
2012 04 11 19 20 25	1334186425332	flavor	726	181
2012 04 11 19 20 25	1334186425339	flavor	720	179
2012 04 11 19 20 25	1334186425347	flavor	711	176
2012 04 11 19 20 25	1334186425355	flavor	702	174
2012 04 11 19 20 25	1334186425363	flavor	693	172
2012 04 11 19 20 25	1334186425371	flavor	684	169
2012 04 11 19 20 25	1334186425379	flavor	677	165
2012 04 11 19 20 25	1334186425692	wow bubble tea	374	188
2012 04 11 19 20 25	1334186425700	wow bubble tea	371	198
2012 04 11 19 20 25	1334186425740	flavors	369	248
2012 04 11 19 20 25	1334186425748	flavors	369	256
2012 04 11 19 20 25	1334186425836	bible verses	386	327
2012 04 11 19 20 25	1334186425844	bible verses	392	332
2012 04 11 19 20 25	1334186425852	bible verses	397	337
2012 04 11 19 20 25	1334186425860	business	401	340
2012 04 11 19 20 25	1334186425868	business	405	344
2012 04 11 19 20 25	1334186425876	business	406	345
2012 04 11 19 20 25	1334186425884	tables	409	346
2012 04 11 19 20 25	1334186425892	tables	413	348
2012 04 11 19 20 25	1334186425901	tables	421	351
2012 04 11 19 20 25	1334186425909	verses	430	355
2012 04 11 19 20 25	1334186425916	verses	443	358
2012 04 11 19 20 25	1334186425923	verses	459	362
2012 04 11 19 20 26	1334186426020	places	639	389
2012 04 11 19 20 26	1334186426028	places	656	387
2012 04 11 19 20 26	1334186426036	smoothie	671	382
2012 04 11 19 20 26	1334186426044	smoothie	685	376
2012 04 11 19 20 26	1334186426054	smoothie	698	369
2012 04 11 19 20 26	1334186426172	fact	693	229
2012 04 11 19 20 26	1334186426181	bubble	684	217
2012 04 11 19 20 26	1334186426188	bubble	676	207
2012 04 11 19 20 26	1334186426204	size	657	183
2012 04 11 19 20 26	1334186426460	wow bubble tea	351	195
2012 04 11 19 20 26	1334186426476	time	345	228
2012 04 11 19 20 26	1334186426484	flavors	345	244
2012 04 11 19 20 26	1334186426492	flavors	347	259
2012 04 11 19 20 26	1334186426540	yunnie	363	320
2012 04 11 19 20 26	1334186426556	business	373	343
2012 04 11 19 20 26	1334186426565	business	380	356
2012 04 11 19 20 26	1334186426789	bit	724	522
2012 04 11 19 20 26	1334186426852	person	758	490
2012 04 11 19 20 26	1334186426900	kind	767	460
2012 04 11 19 20 26	1334186426908	kind	767	454
2012 04 11 19 20 26	1334186426916	kind	769	446
2012 04 11 19 20 26	1334186426924	smoothies	771	438
2012 04 11 19 20 26	1334186426964	college	768	388
2012 04 11 19 20 26	1334186426972	smoothie	764	377
2012 04 11 19 20 26	1334186426980	smoothie	760	367
2012 04 11 19 20 26	1334186426988	cup	755	355
2012 04 11 19 20 27	1334186427076	fact	669	234
2012 04 11 19 20 27	1334186427084	bubble	660	226
2012 04 11 19 20 27	1334186427372	board games	522	237
2012 04 11 19 20 27	1334186427380	board games	508	237
2012 04 11 19 20 27	1334186427388	board games	494	239
2012 04 11 19 20 27	1334186427396	board games	480	239
2012 04 11 19 20 27	1334186427404	board games	468	239
2012 04 11 19 20 27	1334186427412	board games	455	239
2012 04 11 19 20 27	1334186427572	flavors	378	257
2012 04 11 19 20 27	1334186427580	flavors	376	259
2012 04 11 19 20 27	1334186427588	flavors	375	260
2012 04 11 19 20 27	1334186427812	bubble tea	405	288
2012 04 11 19 20 27	1334186427820	bubble tea	409	289
2012 04 11 19 20 27	1334186427828	bubble tea	413	290
2012 04 11 19 20 27	1334186427836	bubble tea	418	291
2012 04 11 19 20 27	1334186427844	bubble tea	422	292
2012 04 11 19 20 27	1334186427852	tapioca	425	293
2012 04 11 19 20 27	1334186427860	tapioca	429	294
2012 04 11 19 20 27	1334186427868	tapioca	431	295
2012 04 11 19 20 27	1334186427876	tapioca	433	295
2012 04 11 19 20 27	1334186427892	tapioca	434	295
2012 04 11 19 20 27	1334186427927	tapioca	434	296
2012 04 11 19 20 27	1334186427932	tapioca	435	296
2012 04 11 19 20 27	1334186427940	tapioca	437	297
2012 04 11 19 20 27	1334186427948	tapioca	441	299
2012 04 11 19 20 27	1334186427956	tapioca	444	300
2012 04 11 19 20 27	1334186427964	tapioca	448	302
2012 04 11 19 20 27	1334186427972	tapioca	455	305
2012 04 11 19 20 27	1334186427980	tapioca	460	307
2012 04 11 19 20 27	1334186427988	tapioca	465	309
2012 04 11 19 20 27	1334186427996	tapioca	471	311
2012 04 11 19 20 28	1334186428004	tapioca	474	312
2012 04 11 19 20 28	1334186428012	tapioca	477	314
2012 04 11 19 20 28	1334186428021	tapioca	480	315
2012 04 11 19 20 28	1334186428029	music	481	316
2012 04 11 19 20 28	1334186428036	music	482	317
2012 04 11 19 20 28	1334186428044	music	483	318
2012 04 11 19 20 28	1334186428068	music	483	319
2012 04 11 19 20 28	1334186428076	music	481	319
2012 04 11 19 20 28	1334186428086	music	479	319
2012 04 11 19 20 28	1334186428094	music	477	320
2012 04 11 19 20 28	1334186428102	music	473	320
2012 04 11 19 20 28	1334186428108	music	469	320
2012 04 11 19 20 28	1334186428116	music	463	320
2012 04 11 19 20 28	1334186428124	music	455	320
2012 04 11 19 20 28	1334186428132	music	447	320
2012 04 11 19 20 28	1334186428149	tapioca	430	314
2012 04 11 19 20 28	1334186428156	tapioca	421	310
2012 04 11 19 20 28	1334186428163	tapioca	409	305
2012 04 11 19 20 28	1334186428216	place	329	269
2012 04 11 19 20 28	1334186428220	place	321	265
2012 04 11 19 20 28	1334186428228	place	314	261
2012 04 11 19 20 28	1334186428236	place	309	258
2012 04 11 19 20 28	1334186428412	jesus	297	217
2012 04 11 19 20 28	1334186428420	jesus	300	216
2012 04 11 19 20 28	1334186428428	jesus	302	214
2012 04 11 19 20 28	1334186428436	jesus	305	213
2012 04 11 19 20 28	1334186428444	jesus	308	212
2012 04 11 19 20 28	1334186428452	jesus	312	211
2012 04 11 19 20 28	1334186428460	jesus	314	210
2012 04 11 19 20 28	1334186428468	jesus	317	209
2012 04 11 19 20 28	1334186428476	jesus	319	208
2012 04 11 19 20 28	1334186428484	jesus	321	207
2012 04 11 19 20 28	1334186428492	jesus	323	206
2012 04 11 19 20 28	1334186428500	jesus	324	205
2012 04 11 19 20 28	1334186428508	jesus	325	204
2012 04 11 19 20 28	1334186428517	wow bubble tea	327	202
2012 04 11 19 20 28	1334186428525	wow bubble tea	328	201
2012 04 11 19 20 28	1334186428532	wow bubble tea	329	200
2012 04 11 19 20 28	1334186428540	wow bubble tea	330	199
2012 04 11 19 20 28	1334186428547	wow bubble tea	330	198
2012 04 11 19 20 28	1334186428556	wow bubble tea	330	197
2012 04 11 19 20 28	1334186428564	wow bubble tea	330	196
2012 04 11 19 20 28	1334186428572	wow bubble tea	331	195
2012 04 11 19 20 28	1334186428580	wow bubble tea	331	194
2012 04 11 19 20 28	1334186428588	wow bubble tea	331	193
2012 04 11 19 20 28	1334186428596	wow bubble tea	331	192
2012 04 11 19 20 28	1334186428604	wow bubble tea	331	191
2012 04 11 19 20 28	1334186428612	wow bubble tea	330	190
2012 04 11 19 20 28	1334186428621	wow bubble tea	330	189
2012 04 11 19 20 28	1334186428634	wow bubble tea	330	188
2012 04 11 19 20 28	1334186428635	wow bubble tea	329	187
2012 04 11 19 20 28	1334186428644	wow bubble tea	329	186
2012 04 11 19 20 28	1334186428796	people	320	168
2012 04 11 19 20 28	1334186428804	people	319	168
2012 04 11 19 20 28	1334186428836	people	318	168
2012 04 11 19 20 28	1334186428860	people	317	167
2012 04 11 19 20 28	1334186428876	people	316	167
2012 04 11 19 20 28	1334186428884	people	315	167
2012 04 11 19 20 28	1334186428892	people	315	168
2012 04 11 19 20 28	1334186428901	people	314	168
2012 04 11 19 20 28	1334186428909	people	313	168
2012 04 11 19 20 29	1334186429004	wow bubble tea	303	186
2012 04 11 19 20 29	1334186429012	wow bubble tea	303	187
2012 04 11 19 20 29	1334186429020	wow bubble tea	303	189
2012 04 11 19 20 29	1334186429028	wow bubble tea	304	191
2012 04 11 19 20 29	1334186429036	wow bubble tea	305	193
2012 04 11 19 20 29	1334186429043	wow bubble tea	305	195
2012 04 11 19 20 29	1334186429051	wow bubble tea	306	196
2012 04 11 19 20 29	1334186429060	wow bubble tea	307	197
2012 04 11 19 20 29	1334186429068	wow bubble tea	307	198
2012 04 11 19 20 29	1334186429075	wow bubble tea	308	199
2012 04 11 19 20 29	1334186429083	wow bubble tea	309	200
2012 04 11 19 20 29	1334186429091	wow bubble tea	309	201
2012 04 11 19 20 29	1334186429099	wow bubble tea	310	201
2012 04 11 19 20 29	1334186429110	wow bubble tea	311	202
2012 04 11 19 20 29	1334186429121	wow bubble tea	312	202
2012 04 11 19 20 29	1334186429124	jesus	313	203
2012 04 11 19 20 29	1334186429132	jesus	313	204
2012 04 11 19 20 29	1334186429140	jesus	314	204
2012 04 11 19 20 29	1334186429147	jesus	315	204
2012 04 11 19 20 29	1334186429155	jesus	316	205
2012 04 11 19 20 29	1334186429164	jesus	317	205
2012 04 11 19 20 29	1334186429196	jesus	317	206
2012 04 11 19 20 29	1334186429204	jesus	318	206
2012 04 11 19 20 29	1334186429212	jesus	319	207
2012 04 11 19 20 29	1334186429220	jesus	321	207
2012 04 11 19 20 29	1334186429228	jesus	322	208
2012 04 11 19 20 29	1334186429236	jesus	323	208
2012 04 11 19 20 29	1334186429244	jesus	325	209
2012 04 11 19 20 29	1334186429252	jesus	327	210
2012 04 11 19 20 29	1334186429260	jesus	329	210
2012 04 11 19 20 29	1334186429271	jesus	331	211
2012 04 11 19 20 29	1334186429277	jesus	333	212
2012 04 11 19 20 29	1334186429284	jesus	335	212
2012 04 11 19 20 29	1334186429604	board games	448	256
2012 04 11 19 20 29	1334186429611	board games	456	257
2012 04 11 19 20 29	1334186429619	stars	463	260
2012 04 11 19 20 29	1334186429627	stars	472	263
2012 04 11 19 20 29	1334186429635	bubble tea	479	265
2012 04 11 19 20 29	1334186429643	bubble tea	488	267
2012 04 11 19 20 29	1334186429652	bubble tea	498	271
2012 04 11 19 20 29	1334186429661	bubble tea	506	274
2012 04 11 19 20 29	1334186429668	bubble tea	515	276
2012 04 11 19 20 29	1334186429676	bubble tea	525	279
2012 04 11 19 20 29	1334186429684	bubble tea	535	280
2012 04 11 19 20 29	1334186429692	bubble tea	544	282
2012 04 11 19 20 29	1334186429700	bubble tea	553	285
2012 04 11 19 20 29	1334186429796	drinks	647	296
2012 04 11 19 20 29	1334186429804	drinks	655	296
2012 04 11 19 20 29	1334186429812	drinks	663	296
2012 04 11 19 20 29	1334186429820	drinks	673	296
2012 04 11 19 20 29	1334186429828	drinks	680	296
2012 04 11 19 20 29	1334186429836	drinks	688	294
2012 04 11 19 20 29	1334186429844	drinks	696	294
2012 04 11 19 20 29	1334186429852	drinks	704	292
2012 04 11 19 20 29	1334186429981	strawberry	769	248
2012 04 11 19 20 29	1334186429989	strawberry	773	244
2012 04 11 19 20 29	1334186429997	strawberry	777	240
2012 04 11 19 20 30	1334186430004	service	781	237
2012 04 11 19 20 30	1334186430012	service	784	234
2012 04 11 19 20 30	1334186430156	ave.	801	206
2012 04 11 19 20 30	1334186430165	ave.	800	205
2012 04 11 19 20 30	1334186430172	ave.	799	204
2012 04 11 19 20 30	1334186430181	ave.	797	203
2012 04 11 19 20 30	1334186430212	powder	777	197
2012 04 11 19 20 30	1334186430220	powder	767	195
2012 04 11 19 20 30	1334186430228	powder	754	193
2012 04 11 19 20 30	1334186430236	powder	737	191
2012 04 11 19 20 30	1334186430244	powder	721	191
2012 04 11 19 20 30	1334186430276	boba	656	191
2012 04 11 19 20 30	1334186430276	boba	633	191
2012 04 11 19 20 30	1334186430284	boba	614	193
2012 04 11 19 20 30	1334186430300	texture	570	193
2012 04 11 19 20 30	1334186430332	fruit	508	201
2012 04 11 19 20 30	1334186430340	fruit	497	204
2012 04 11 19 20 30	1334186430348	fruit	488	206
2012 04 11 19 20 30	1334186430365	fresh fruit	474	210
2012 04 11 19 20 30	1334186430373	fresh fruit	470	213
2012 04 11 19 20 30	1334186430380	fresh fruit	466	215
2012 04 11 19 20 30	1334186430387	fresh fruit	462	216
2012 04 11 19 20 30	1334186430396	fresh fruit	457	218
2012 04 11 19 20 30	1334186430404	fresh fruit	452	220
2012 04 11 19 20 30	1334186430412	fresh fruit	446	221
2012 04 11 19 20 30	1334186430420	fresh fruit	439	223
2012 04 11 19 20 30	1334186430428	fresh fruit	433	225
2012 04 11 19 20 30	1334186430436	fresh fruit	428	225
2012 04 11 19 20 30	1334186430444	fresh fruit	424	225
2012 04 11 19 20 30	1334186430468	fresh fruit	409	225
2012 04 11 19 20 30	1334186430533	time	347	228
2012 04 11 19 20 30	1334186430541	time	339	230
2012 04 11 19 20 30	1334186430549	time	333	230
2012 04 11 19 20 30	1334186430557	time	328	230
2012 04 11 19 20 30	1334186430564	time	324	230
2012 04 11 19 20 30	1334186430572	time	323	230
2012 04 11 19 20 30	1334186430581	time	322	230
2012 04 11 19 20 30	1334186430588	time	320	230
2012 04 11 19 20 30	1334186430628	time	319	230
2012 04 11 19 20 30	1334186430644	time	319	229
2012 04 11 19 20 30	1334186430653	time	318	229
2012 04 11 19 20 30	1334186430661	time	318	228
2012 04 11 19 20 30	1334186430668	time	317	226
2012 04 11 19 20 30	1334186430676	time	316	225
2012 04 11 19 20 30	1334186430684	time	315	225
2012 04 11 19 20 30	1334186430692	time	315	224
2012 04 11 19 20 30	1334186430700	time	314	222
2012 04 11 19 20 30	1334186430708	time	314	221
2012 04 11 19 20 30	1334186430723	time	313	220
2012 04 11 19 20 30	1334186430732	jesus	312	218
2012 04 11 19 20 30	1334186430740	jesus	311	217
2012 04 11 19 20 33	1334186433964	jesus	312	217
2012 04 11 19 20 35	1334186435532	jesus	313	217
2012 04 11 19 20 36	1334186436132	jesus	314	217
2012 04 11 19 20 38	1334186438076	jesus	315	217
2012 04 11 19 20 38	1334186438196	jesus	315	218
2012 04 11 19 20 38	1334186438212	time	315	220
2012 04 11 19 20 38	1334186438220	time	315	221
2012 04 11 19 20 38	1334186438228	time	315	223
2012 04 11 19 20 38	1334186438236	time	315	224
2012 04 11 19 20 38	1334186438245	time	315	226
2012 04 11 19 20 38	1334186438254	time	314	227
2012 04 11 19 20 38	1334186438260	time	314	229
2012 04 11 19 20 38	1334186438268	time	313	232
2012 04 11 19 20 38	1334186438276	time	312	237
2012 04 11 19 20 38	1334186438299	place	311	268
2012 04 11 19 20 38	1334186438307	place	311	281
2012 04 11 19 20 38	1334186438315	jellies	312	295
2012 04 11 19 20 38	1334186438332	yunnie	314	327
2012 04 11 19 20 42	1334186442620	thing	424	476
2012 04 11 19 20 42	1334186442636	ave	424	446
2012 04 11 19 20 43	1334186443220	yogurt	380	451
2012 04 11 19 20 43	1334186443228	yogurt	376	453
2012 04 11 19 20 43	1334186443236	yogurt	372	455
2012 04 11 19 20 43	1334186443244	yogurt	367	460
2012 04 11 19 20 43	1334186443252	yogurt	362	464
2012 04 11 19 20 43	1334186443540	quotes	286	484
2012 04 11 19 20 43	1334186443548	quotes	284	484
2012 04 11 19 20 43	1334186443556	quotes	282	484
2012 04 11 19 20 43	1334186443564	quotes	281	484
2012 04 11 19 20 43	1334186443571	quotes	280	484
2012 04 11 19 20 43	1334186443580	quotes	278	484
2012 04 11 19 20 43	1334186443587	quotes	277	483
2012 04 11 19 20 43	1334186443596	quotes	276	483
2012 04 11 19 20 43	1334186443604	quotes	275	483
2012 04 11 19 20 43	1334186443612	quotes	273	483
2012 04 11 19 20 43	1334186443620	quotes	272	483
2012 04 11 19 20 43	1334186443628	quotes	269	483
2012 04 11 19 20 43	1334186443636	quotes	267	483
2012 04 11 19 20 43	1334186443649	quotes	265	483
2012 04 11 19 20 43	1334186443653	quotes	263	483
2012 04 11 19 20 43	1334186443660	quotes	261	483
2012 04 11 19 20 43	1334186443668	quotes	259	483
2012 04 11 19 20 43	1334186443676	quotes	257	483
2012 04 11 19 20 43	1334186443684	quotes	256	484
2012 04 11 19 20 43	1334186443691	quotes	254	484
2012 04 11 19 20 43	1334186443700	quotes	252	484
2012 04 11 19 20 43	1334186443707	quotes	251	484
2012 04 11 19 20 43	1334186443715	quotes	249	485
2012 04 11 19 20 43	1334186443723	quotes	247	485
2012 04 11 19 20 43	1334186443732	quotes	245	486
2012 04 11 19 20 43	1334186443739	quotes	243	486
2012 04 11 19 20 43	1334186443757	quotes	236	487
2012 04 11 19 20 43	1334186443766	taro	233	487
2012 04 11 19 20 43	1334186443772	taro	230	487
2012 04 11 19 20 43	1334186443780	taro	227	487
2012 04 11 19 20 43	1334186443787	taro	224	487
2012 04 11 19 20 43	1334186443795	taro	222	487
2012 04 11 19 20 43	1334186443803	taro	221	487
2012 04 11 19 20 43	1334186443852	taro	221	486
2012 04 11 19 20 43	1334186443868	taro	222	486
2012 04 11 19 20 43	1334186443876	taro	223	486
2012 04 11 19 20 43	1334186443884	taro	223	485
2012 04 11 19 20 44	1334186444021	taro	224	485
2012 04 11 19 20 44	1334186444028	taro	225	485
2012 04 11 19 20 44	1334186444036	taro	226	484
2012 04 11 19 20 44	1334186444052	taro	227	484
2012 04 11 19 20 44	1334186444068	taro	228	484
2012 04 11 19 20 44	1334186444076	taro	229	483
2012 04 11 19 20 44	1334186444084	taro	231	483
2012 04 11 19 20 44	1334186444092	taro	233	481
2012 04 11 19 20 44	1334186444100	quotes	236	480
2012 04 11 19 20 44	1334186444108	quotes	238	478
2012 04 11 19 20 44	1334186444116	quotes	241	476
2012 04 11 19 20 44	1334186444126	quotes	245	473
2012 04 11 19 20 44	1334186444134	cream	250	468
2012 04 11 19 20 44	1334186444140	cream	254	464
2012 04 11 19 20 44	1334186444196	pay	268	455
2012 04 11 19 20 44	1334186444204	pay	270	453
2012 04 11 19 20 44	1334186444212	pay	272	452
2012 04 11 19 20 44	1334186444220	pay	274	452
2012 04 11 19 20 44	1334186444228	pay	277	451
2012 04 11 19 20 44	1334186444236	pay	279	450
2012 04 11 19 20 44	1334186444244	pay	282	450
2012 04 11 19 20 44	1334186444255	right	286	449
2012 04 11 19 20 44	1334186444260	right	290	448
2012 04 11 19 20 44	1334186444269	pay	294	448
2012 04 11 19 20 44	1334186444364	tv	388	428
2012 04 11 19 20 44	1334186444452	christian music	510	417
2012 04 11 19 20 44	1334186444460	christian music	521	415
2012 04 11 19 20 44	1334186444468	christian music	531	412
2012 04 11 19 20 44	1334186444476	christian music	541	410
2012 04 11 19 20 44	1334186444484	christian music	547	407
2012 04 11 19 20 44	1334186444588	places	598	386
2012 04 11 19 20 44	1334186444596	places	605	384
2012 04 11 19 20 44	1334186444604	places	611	381
2012 04 11 19 20 44	1334186444612	places	617	379
2012 04 11 19 20 44	1334186444620	places	622	377
2012 04 11 19 20 44	1334186444628	places	626	376
2012 04 11 19 20 44	1334186444636	places	630	374
2012 04 11 19 20 44	1334186444644	places	633	373
2012 04 11 19 20 44	1334186444652	places	634	373
2012 04 11 19 20 44	1334186444660	places	635	371
2012 04 11 19 20 44	1334186444668	places	636	370
2012 04 11 19 20 44	1334186444676	places	637	367
2012 04 11 19 20 44	1334186444988	tea	568	350
2012 04 11 19 20 44	1334186444996	tea	565	350
2012 04 11 19 20 45	1334186445004	tea	561	350
2012 04 11 19 20 45	1334186445012	tea	559	350
2012 04 11 19 20 45	1334186445020	tea	555	350
2012 04 11 19 20 45	1334186445028	tea	550	350
2012 04 11 19 20 45	1334186445036	tea	546	350
2012 04 11 19 20 45	1334186445044	tea	542	350
2012 04 11 19 20 45	1334186445052	tea	536	350
2012 04 11 19 20 45	1334186445060	tea	530	350
2012 04 11 19 20 45	1334186445228	verses	466	355
2012 04 11 19 20 45	1334186445236	verses	463	355
2012 04 11 19 20 45	1334186445244	verses	460	355
2012 04 11 19 20 45	1334186445252	verses	459	355
2012 04 11 19 20 45	1334186445260	verses	456	354
2012 04 11 19 20 45	1334186445268	verses	454	354
2012 04 11 19 20 45	1334186445276	verses	451	353
2012 04 11 19 20 45	1334186445284	verses	447	352
2012 04 11 19 20 45	1334186445292	tables	444	351
2012 04 11 19 20 45	1334186445300	tables	440	349
2012 04 11 19 20 45	1334186445308	tables	436	348
2012 04 11 19 20 45	1334186445316	tables	432	346
2012 04 11 19 20 45	1334186445324	tables	426	343
2012 04 11 19 20 45	1334186445333	tables	419	341
2012 04 11 19 20 45	1334186445341	bible verses	412	339
2012 04 11 19 20 45	1334186445348	bible verses	406	338
2012 04 11 19 20 45	1334186445356	bible verses	401	336
2012 04 11 19 20 45	1334186445364	bible verses	396	334
2012 04 11 19 20 45	1334186445372	bible verses	392	332
2012 04 11 19 20 45	1334186445380	bible verses	389	330
2012 04 11 19 20 45	1334186445388	bible verses	386	329
2012 04 11 19 20 45	1334186445396	bible verses	385	328
2012 04 11 19 20 45	1334186445404	bible verses	384	326
2012 04 11 19 20 45	1334186445412	bible verses	383	325
2012 04 11 19 20 45	1334186445684	place	329	282
2012 04 11 19 20 45	1334186445692	place	327	281
2012 04 11 19 20 45	1334186445700	place	326	279
2012 04 11 19 20 45	1334186445708	place	324	279
2012 04 11 19 20 45	1334186445716	place	323	278
2012 04 11 19 20 45	1334186445724	place	322	278
2012 04 11 19 20 45	1334186445732	place	320	277
2012 04 11 19 20 45	1334186445740	place	318	276
2012 04 11 19 20 45	1334186445748	place	315	275
2012 04 11 19 20 45	1334186445756	place	312	275
2012 04 11 19 20 45	1334186445764	place	309	274
2012 04 11 19 20 45	1334186445772	place	306	272
2012 04 11 19 20 45	1334186445780	place	302	271
2012 04 11 19 20 45	1334186445789	place	299	269
2012 04 11 19 20 45	1334186445800	place	296	268
2012 04 11 19 20 45	1334186445804	place	293	267
2012 04 11 19 20 45	1334186445812	place	291	265
2012 04 11 19 20 45	1334186445819	place	290	265
2012 04 11 19 20 45	1334186445827	place	289	264
2012 04 11 19 20 45	1334186445908	place	288	264
2012 04 11 19 20 45	1334186445916	place	287	264
2012 04 11 19 20 45	1334186445924	place	286	264
2012 04 11 19 20 45	1334186445932	place	285	264
2012 04 11 19 20 45	1334186445940	place	283	264
2012 04 11 19 20 45	1334186445948	place	282	264
2012 04 11 19 20 45	1334186445956	place	281	264
2012 04 11 19 20 45	1334186445964	place	280	264
2012 04 11 19 20 45	1334186445972	place	279	264
2012 04 11 19 20 45	1334186445988	place	278	264
2012 04 11 19 20 45	1334186445997	place	277	264
2012 04 11 19 20 46	1334186446004	place	275	265
2012 04 11 19 20 46	1334186446012	place	274	265
2012 04 11 19 20 46	1334186446020	place	273	265
2012 04 11 19 20 46	1334186446028	place	271	265
2012 04 11 19 20 46	1334186446036	place	270	265
2012 04 11 19 20 46	1334186446044	place	268	264
2012 04 11 19 20 46	1334186446052	place	267	264
2012 04 11 19 20 46	1334186446060	place	266	264
2012 04 11 19 20 46	1334186446133	place	265	264
2012 04 11 19 20 46	1334186446148	place	264	264
2012 04 11 19 20 46	1334186446155	place	262	264
2012 04 11 19 20 46	1334186446164	place	261	265
2012 04 11 19 20 46	1334186446172	place	260	265
2012 04 11 19 20 46	1334186446180	place	258	266
2012 04 11 19 20 46	1334186446187	place	257	267
2012 04 11 19 20 46	1334186446195	place	255	269
2012 04 11 19 20 46	1334186446203	friend	254	270
2012 04 11 19 20 46	1334186446211	friend	253	271
2012 04 11 19 20 46	1334186446220	friend	252	273
2012 04 11 19 20 46	1334186446227	friend	251	274
2012 04 11 19 20 46	1334186446244	friend	250	275
2012 04 11 19 20 46	1334186446252	friend	250	276
2012 04 11 19 20 46	1334186446260	friend	250	278
2012 04 11 19 20 46	1334186446268	friend	249	279
2012 04 11 19 20 46	1334186446276	friend	249	280
2012 04 11 19 20 46	1334186446292	friend	249	281
2012 04 11 19 20 46	1334186446428	friend	250	281
2012 04 11 19 20 46	1334186446436	friend	251	281
2012 04 11 19 20 46	1334186446444	friend	252	281
2012 04 11 19 20 46	1334186446460	friend	253	281
2012 04 11 19 20 46	1334186446476	friend	254	281
2012 04 11 19 20 46	1334186446484	place	255	281
2012 04 11 19 20 46	1334186446492	place	257	281
2012 04 11 19 20 46	1334186446500	place	258	280
2012 04 11 19 20 46	1334186446508	place	259	280
2012 04 11 19 20 46	1334186446516	place	260	280
2012 04 11 19 20 46	1334186446523	place	262	280
2012 04 11 19 20 46	1334186446532	place	263	280
2012 04 11 19 20 46	1334186446540	place	264	280
2012 04 11 19 20 46	1334186446548	place	266	280
2012 04 11 19 20 46	1334186446556	place	268	280
2012 04 11 19 20 46	1334186446564	place	271	280
2012 04 11 19 20 46	1334186446572	place	273	280
2012 04 11 19 20 46	1334186446580	place	276	280
2012 04 11 19 20 46	1334186446588	place	278	280
2012 04 11 19 20 46	1334186446596	place	281	280
2012 04 11 19 20 46	1334186446604	place	284	280
2012 04 11 19 20 46	1334186446612	place	287	280
2012 04 11 19 20 46	1334186446620	place	290	281
2012 04 11 19 20 46	1334186446628	place	293	282
2012 04 11 19 20 46	1334186446637	place	295	282
2012 04 11 19 20 46	1334186446645	place	299	283
2012 04 11 19 20 46	1334186446652	place	302	283
2012 04 11 19 20 46	1334186446660	place	305	283
2012 04 11 19 20 46	1334186446668	place	308	284
2012 04 11 19 20 46	1334186446676	place	311	284
2012 04 11 19 20 46	1334186446684	place	315	284
2012 04 11 19 20 46	1334186446692	place	319	285
2012 04 11 19 20 46	1334186446700	place	323	285
2012 04 11 19 20 46	1334186446708	place	329	285
2012 04 11 19 20 46	1334186446772	bubble tea	412	285
2012 04 11 19 20 46	1334186446780	bubble tea	424	285
2012 04 11 19 20 46	1334186446787	bubble tea	436	285
2012 04 11 19 20 46	1334186446801	bubble tea	447	283
2012 04 11 19 20 46	1334186446804	bubble tea	459	283
2012 04 11 19 20 46	1334186446812	bubble tea	470	283
2012 04 11 19 20 46	1334186446820	bubble tea	482	283
2012 04 11 19 20 46	1334186446828	bubble tea	497	280
2012 04 11 19 20 46	1334186446836	bubble tea	512	278
2012 04 11 19 20 46	1334186446846	bubble tea	526	275
2012 04 11 19 20 46	1334186446852	bubble tea	541	273
2012 04 11 19 20 46	1334186446972	service	731	232
2012 04 11 19 20 46	1334186446980	bubble	742	227
2012 04 11 19 20 46	1334186446987	bubble	752	222
2012 04 11 19 20 46	1334186446995	day	762	218
2012 04 11 19 20 47	1334186447003	day	773	213
2012 04 11 19 20 47	1334186447027	ave.	805	201
2012 04 11 19 20 47	1334186447035	ave.	815	199
2012 04 11 19 20 47	1334186447043	ave.	826	196
2012 04 11 19 20 47	1334186447796	fresh fruit	452	211
2012 04 11 19 20 47	1334186447804	fresh fruit	453	214
2012 04 11 19 20 47	1334186447812	fresh fruit	454	216
2012 04 11 19 20 47	1334186447820	fresh fruit	455	218
2012 04 11 19 20 47	1334186447828	fresh fruit	456	221
2012 04 11 19 20 47	1334186447836	fresh fruit	457	223
2012 04 11 19 20 47	1334186447844	fresh fruit	458	225
2012 04 11 19 20 47	1334186447892	board games	467	238
2012 04 11 19 20 47	1334186447901	board games	469	239
2012 04 11 19 20 47	1334186447909	board games	471	241
2012 04 11 19 20 47	1334186447916	board games	472	242
2012 04 11 19 20 47	1334186447924	board games	473	242
2012 04 11 19 20 47	1334186447932	board games	474	243
2012 04 11 19 20 47	1334186447948	board games	475	244
2012 04 11 19 20 47	1334186447956	board games	477	244
2012 04 11 19 20 47	1334186447964	board games	478	244
2012 04 11 19 20 47	1334186447972	board games	480	244
2012 04 11 19 20 47	1334186447980	board games	482	245
2012 04 11 19 20 47	1334186447988	board games	485	245
2012 04 11 19 20 47	1334186447996	board games	487	245
2012 04 11 19 20 48	1334186448005	board games	489	245
2012 04 11 19 20 48	1334186448013	board games	491	245
2012 04 11 19 20 48	1334186448021	board games	493	245
2012 04 11 19 20 48	1334186448028	board games	495	245
2012 04 11 19 20 48	1334186448036	board games	497	245
2012 04 11 19 20 48	1334186448044	board games	500	245
2012 04 11 19 20 48	1334186448052	board games	502	245
2012 04 11 19 20 48	1334186448060	board games	503	244
2012 04 11 19 20 48	1334186448068	board games	505	244
2012 04 11 19 20 48	1334186448076	board games	507	244
2012 04 11 19 20 48	1334186448084	board games	508	243
2012 04 11 19 20 48	1334186448092	board games	510	243
2012 04 11 19 20 48	1334186448100	board games	511	243
2012 04 11 19 20 48	1334186448109	board games	512	243
2012 04 11 19 20 48	1334186448117	board games	513	242
2012 04 11 19 20 48	1334186448137	board games	514	242
2012 04 11 19 20 48	1334186448156	board games	515	242
2012 04 11 19 20 48	1334186448172	board games	516	242
2012 04 11 19 20 48	1334186448188	board games	517	241
2012 04 11 19 20 48	1334186448196	board games	518	241
2012 04 11 19 20 48	1334186448203	board games	519	241
2012 04 11 19 20 48	1334186448211	board games	520	241
2012 04 11 19 20 48	1334186448228	board games	521	241
2012 04 11 19 20 48	1334186448235	board games	522	241
2012 04 11 19 20 48	1334186448260	board games	523	241
2012 04 11 19 20 48	1334186448267	board games	524	242
2012 04 11 19 20 48	1334186448277	board games	525	242
2012 04 11 19 20 48	1334186448284	board games	526	243
2012 04 11 19 20 48	1334186448292	board games	527	244
2012 04 11 19 20 48	1334186448299	board games	528	245
2012 04 11 19 20 48	1334186448307	board games	530	246
2012 04 11 19 20 48	1334186448315	board games	531	246
2012 04 11 19 20 48	1334186448334	board games	532	247
2012 04 11 19 20 48	1334186448348	board games	533	247
2012 04 11 19 20 48	1334186448356	board games	534	248
2012 04 11 19 20 48	1334186448364	board games	535	249
2012 04 11 19 20 48	1334186448380	board games	537	250
2012 04 11 19 20 48	1334186448388	board games	538	251
2012 04 11 19 20 48	1334186448396	board games	539	252
2012 04 11 19 20 48	1334186448404	board games	541	252
2012 04 11 19 20 48	1334186448411	board games	542	253
2012 04 11 19 20 48	1334186448419	board games	543	254
2012 04 11 19 20 48	1334186448436	board games	544	255
2012 04 11 19 20 48	1334186448452	board games	545	256
2012 04 11 19 20 48	1334186448460	board games	545	257
2012 04 11 19 20 48	1334186448468	board games	545	258
2012 04 11 19 20 48	1334186448477	board games	546	259
2012 04 11 19 20 48	1334186448500	bubble tea	548	264
2012 04 11 19 20 48	1334186448509	bubble tea	548	266
2012 04 11 19 20 48	1334186448516	bubble tea	549	268
2012 04 11 19 20 48	1334186448523	bubble tea	549	270
2012 04 11 19 20 48	1334186448532	bubble tea	550	272
2012 04 11 19 20 48	1334186448542	bubble tea	551	274
2012 04 11 19 20 48	1334186448548	bubble tea	551	276
2012 04 11 19 20 48	1334186448556	bubble tea	552	279
2012 04 11 19 20 48	1334186448564	bubble tea	552	281
2012 04 11 19 20 48	1334186448572	bubble tea	553	283
2012 04 11 19 20 48	1334186448580	bubble tea	553	285
2012 04 11 19 20 48	1334186448588	bubble tea	554	288
2012 04 11 19 20 48	1334186448596	bubble tea	554	290
2012 04 11 19 20 48	1334186448628	wonder	553	301
2012 04 11 19 20 48	1334186448637	wonder	553	304
2012 04 11 19 20 48	1334186448645	wonder	552	306
2012 04 11 19 20 48	1334186448772	worship	556	326
2012 04 11 19 20 48	1334186448780	worship	558	329
2012 04 11 19 20 48	1334186448788	worship	560	331
2012 04 11 19 20 48	1334186448796	worship	563	334
2012 04 11 19 20 48	1334186448804	tea	565	336
2012 04 11 19 20 48	1334186448812	tea	568	339
2012 04 11 19 20 48	1334186448820	worship	571	341
2012 04 11 19 20 48	1334186448876	places	610	368
2012 04 11 19 20 48	1334186448884	places	618	372
2012 04 11 19 20 48	1334186448892	places	627	377
2012 04 11 19 20 48	1334186448900	places	636	382
2012 04 11 19 20 48	1334186448908	places	644	387
2012 04 11 19 20 48	1334186448916	cash	653	393
2012 04 11 19 20 48	1334186448924	cash	664	399
2012 04 11 19 20 48	1334186448932	board	676	406
2012 04 11 19 20 48	1334186448948	jenga	704	420
2012 04 11 19 20 48	1334186448956	jenga	720	428
2012 04 11 19 20 48	1334186448964	smoothies	737	435
2012 04 11 19 20 48	1334186448972	smoothies	752	441
2012 04 11 19 20 48	1334186448980	kind	767	446
2012 04 11 19 20 48	1334186448988	kind	782	450
2012 04 11 19 20 48	1334186448996	kind	793	454
2012 04 11 19 20 49	1334186449372	college	781	390
2012 04 11 19 20 49	1334186449380	smoothie	769	382
2012 04 11 19 20 49	1334186449388	smoothie	758	373
2012 04 11 19 20 49	1334186449396	smoothie	750	367
2012 04 11 19 20 49	1334186449404	cup	745	362
2012 04 11 19 20 50	1334186450772	cup	744	361
2012 04 11 19 20 50	1334186450852	bubbles	695	334
2012 04 11 19 20 50	1334186450860	bubbles	695	333
2012 04 11 19 20 50	1334186450868	bubbles	694	333
2012 04 11 19 20 50	1334186450980	bubbles	695	333
2012 04 11 19 20 51	1334186451100	smoothie	727	364
2012 04 11 19 20 51	1334186451108	smoothie	730	369
2012 04 11 19 20 51	1334186451116	smoothie	736	373
2012 04 11 19 20 51	1334186451124	smoothie	738	376
2012 04 11 19 20 51	1334186451132	smoothie	739	377
2012 04 11 19 20 51	1334186451460	smoothie	737	377
2012 04 11 19 20 51	1334186451468	smoothie	737	378
2012 04 11 19 20 51	1334186451476	smoothie	737	379
2012 04 11 19 20 51	1334186451508	smoothie	749	380
2012 04 11 19 20 51	1334186451516	smoothie	769	379
2012 04 11 19 20 51	1334186451700	business	386	348
2012 04 11 19 20 51	1334186451709	students	407	377
2012 04 11 19 20 51	1334186451732	christian music	510	422
2012 04 11 19 20 51	1334186451739	atmosphere	555	424
2012 04 11 19 20 51	1334186451747	christian music	598	417
2012 04 11 19 20 51	1334186451757	cash	639	404
2012 04 11 19 20 51	1334186451764	smoothie	679	381
2012 04 11 19 20 51	1334186451803	bubble	749	219
2012 04 11 19 20 51	1334186451811	flavor	728	182
2012 04 11 19 20 51	1334186451820	years	699	147
2012 04 11 19 20 51	1334186451900	place	284	270
2012 04 11 19 20 51	1334186451932	friends	271	404
2012 04 11 19 20 51	1334186451996	environment	607	316
2012 04 11 19 20 52	1334186452004	milk	634	286
2012 04 11 19 20 52	1334186452036	boba	628	184
2012 04 11 19 20 52	1334186452079	fruit	496	196
2012 04 11 19 20 52	1334186452084	fresh fruit	473	221
2012 04 11 19 20 52	1334186452092	board games	450	256
2012 04 11 19 20 52	1334186452099	tapioca	431	301
2012 04 11 19 20 52	1334186452108	tables	422	342
2012 04 11 19 20 52	1334186452180	board	703	405
2012 04 11 19 20 52	1334186452188	smoothie	736	384
2012 04 11 19 20 52	1334186452196	cup	753	363
2012 04 11 19 20 52	1334186452268	environment	685	324
2012 04 11 19 20 52	1334186452276	bubbles	674	339
2012 04 11 19 20 52	1334186452292	places	667	373
2012 04 11 19 20 52	1334186452299	smoothie	672	386
2012 04 11 19 20 52	1334186452307	board	681	395
2012 04 11 19 20 52	1334186452316	board	698	402
2012 04 11 19 20 52	1334186452324	board	716	407
2012 04 11 19 20 52	1334186452373	college	784	384
2012 04 11 19 20 52	1334186452388	cup	767	358
2012 04 11 19 20 52	1334186452420	drinks	655	304
2012 04 11 19 20 52	1334186452452	worship	539	332
2012 04 11 19 20 52	1334186452484	christian music	520	423
2012 04 11 19 20 52	1334186452532	sugar	674	447
2012 04 11 19 20 52	1334186452540	sugar	701	442
2012 04 11 19 20 52	1334186452547	smoothies	718	433
2012 04 11 19 20 52	1334186452564	board	729	409
2012 04 11 19 20 52	1334186452572	board	724	395
2012 04 11 19 20 52	1334186452580	smoothie	713	381
2012 04 11 19 20 52	1334186452589	smoothie	694	366
2012 04 11 19 20 52	1334186452604	bubbles	650	346
2012 04 11 19 20 52	1334186452628	tea	568	349
2012 04 11 19 20 52	1334186452636	tea	540	356
2012 04 11 19 20 52	1334186452732	seattle	784	521
2012 04 11 19 20 52	1334186452812	board	729	405
2012 04 11 19 20 52	1334186452820	board	694	403
2012 04 11 19 20 52	1334186452828	cash	663	403
2012 04 11 19 20 52	1334186452844	atmosphere	604	427
2012 04 11 19 20 53	1334186453012	smoothie	756	384
2012 04 11 19 20 53	1334186453021	smoothie	725	371
2012 04 11 19 20 53	1334186453028	smoothie	695	364
2012 04 11 19 20 53	1334186453044	places	633	367
2012 04 11 19 20 53	1334186453052	places	604	380
2012 04 11 19 20 53	1334186453068	atmosphere	556	428
2012 04 11 19 20 53	1334186453172	wow	730	482
2012 04 11 19 20 53	1334186453188	smoothies	733	437
2012 04 11 19 20 53	1334186453204	smoothie	709	382
2012 04 11 19 20 53	1334186453220	environment	663	328
2012 04 11 19 20 53	1334186453286	tea	534	335
2012 04 11 19 20 53	1334186453292	tea	529	360
2012 04 11 19 20 53	1334186453316	christian music	547	423
2012 04 11 19 20 53	1334186453324	atmosphere	562	432
2012 04 11 19 20 53	1334186453372	jenga	700	416
2012 04 11 19 20 53	1334186453380	board	719	401
2012 04 11 19 20 53	1334186453389	smoothie	734	385
2012 04 11 19 20 53	1334186453396	smoothie	745	366
2012 04 11 19 20 53	1334186453484	milk	616	273
2012 04 11 19 20 53	1334186453516	tea	569	338
2012 04 11 19 20 53	1334186453564	jenga	687	423
2012 04 11 19 20 53	1334186453573	jenga	715	428
2012 04 11 19 20 53	1334186453636	college	816	386
2012 04 11 19 20 53	1334186453724	environment	696	324
2012 04 11 19 20 53	1334186453732	environment	691	325
2012 04 11 19 20 53	1334186453740	environment	690	327
2012 04 11 19 20 53	1334186453748	environment	689	328
2012 04 11 19 20 53	1334186453756	environment	688	329
2012 04 11 19 20 54	1334186454068	environment	687	328
2012 04 11 19 20 54	1334186454076	environment	686	328
2012 04 11 19 20 54	1334186454092	environment	685	328
2012 04 11 19 20 54	1334186454107	environment	684	328
2012 04 11 19 20 54	1334186454115	environment	684	327
2012 04 11 19 20 54	1334186454124	environment	683	327
2012 04 11 19 20 54	1334186454140	environment	682	327
2012 04 11 19 20 54	1334186454156	environment	681	327
2012 04 11 19 20 54	1334186454164	environment	679	327
2012 04 11 19 20 54	1334186454172	environment	678	328
2012 04 11 19 20 54	1334186454180	environment	676	328
2012 04 11 19 20 54	1334186454188	environment	674	329
2012 04 11 19 20 54	1334186454196	environment	672	329
2012 04 11 19 20 54	1334186454204	environment	670	329
2012 04 11 19 20 54	1334186454212	environment	668	329
2012 04 11 19 20 54	1334186454220	environment	665	329
2012 04 11 19 20 54	1334186454229	environment	663	329
2012 04 11 19 20 54	1334186454239	environment	661	329
2012 04 11 19 20 54	1334186454244	environment	660	329
2012 04 11 19 20 54	1334186454252	environment	658	329
2012 04 11 19 20 54	1334186454260	environment	657	330
2012 04 11 19 20 54	1334186454268	environment	655	330
2012 04 11 19 20 54	1334186454276	environment	653	330
2012 04 11 19 20 54	1334186454284	environment	652	331
2012 04 11 19 20 54	1334186454292	environment	651	331
2012 04 11 19 20 54	1334186454300	environment	650	331
2012 04 11 19 20 54	1334186454308	environment	649	332
2012 04 11 19 20 54	1334186454316	environment	648	332
2012 04 11 19 20 54	1334186454325	environment	647	332
2012 04 11 19 20 54	1334186454333	bubbles	646	333
2012 04 11 19 20 54	1334186454341	bubbles	645	334
2012 04 11 19 20 54	1334186454348	bubbles	644	336
2012 04 11 19 20 54	1334186454356	bubbles	643	338
2012 04 11 19 20 54	1334186454363	bubbles	642	341
2012 04 11 19 20 54	1334186454372	bubbles	641	343
2012 04 11 19 20 54	1334186454379	bubbles	640	345
2012 04 11 19 20 54	1334186454452	places	629	373
2012 04 11 19 20 54	1334186454460	places	624	384
2012 04 11 19 20 54	1334186454475	christian music	611	414
2012 04 11 19 20 54	1334186454483	atmosphere	602	433
2012 04 11 19 20 55	1334186455020	way	485	496
2012 04 11 19 20 55	1334186455068	thing	415	480
2012 04 11 19 20 55	1334186455076	thing	404	478
2012 04 11 19 20 55	1334186455084	thing	398	477
2012 04 11 19 20 55	1334186455092	thing	394	477
2012 04 11 19 20 55	1334186455100	thing	391	475
2012 04 11 19 20 55	1334186455108	thing	389	475
2012 04 11 19 20 55	1334186455116	thing	387	475
2012 04 11 19 20 55	1334186455316	thing	389	468
2012 04 11 19 20 55	1334186455324	thing	393	468
2012 04 11 19 20 55	1334186455332	thing	396	468
2012 04 11 19 20 55	1334186455340	thing	399	468
2012 04 11 19 20 55	1334186455348	thing	402	467
2012 04 11 19 20 55	1334186455356	thing	406	466
2012 04 11 19 20 55	1334186455364	thing	410	465
2012 04 11 19 20 55	1334186455404	ave	430	460
2012 04 11 19 20 55	1334186455412	ave	431	460
2012 04 11 19 20 55	1334186455436	ave	430	459
2012 04 11 19 20 55	1334186455444	ave	428	459
2012 04 11 19 20 55	1334186455452	ave	425	459
2012 04 11 19 20 55	1334186455460	ave	421	459
2012 04 11 19 20 55	1334186455468	ave	418	459
2012 04 11 19 20 55	1334186455525	yogurt	381	460
2012 04 11 19 20 55	1334186455536	yogurt	380	460
2012 04 11 19 20 55	1334186455540	yogurt	379	460
2012 04 11 19 20 55	1334186455572	yogurt	378	460
2012 04 11 19 20 55	1334186455579	yogurt	377	460
2012 04 11 19 20 55	1334186455588	yogurt	377	459
2012 04 11 19 20 55	1334186455596	yogurt	376	459
2012 04 11 19 20 55	1334186455605	yogurt	375	458
2012 04 11 19 20 55	1334186455613	yogurt	374	458
2012 04 11 19 20 55	1334186455628	yogurt	373	458
2012 04 11 19 20 55	1334186455685	yogurt	373	457
2012 04 11 19 20 55	1334186455692	yogurt	374	457
2012 04 11 19 20 55	1334186455700	yogurt	376	456
2012 04 11 19 20 55	1334186455708	yogurt	379	454
2012 04 11 19 20 55	1334186455764	tv	395	436
2012 04 11 19 20 56	1334186456124	students	418	380
2012 04 11 19 20 56	1334186456132	students	418	379
2012 04 11 19 20 56	1334186456140	students	418	378
2012 04 11 19 20 56	1334186456148	students	419	377
2012 04 11 19 20 56	1334186456156	students	419	376
2012 04 11 19 20 56	1334186456164	students	420	374
2012 04 11 19 20 56	1334186456172	students	421	372
2012 04 11 19 20 56	1334186456180	students	423	369
2012 04 11 19 20 56	1334186456188	verses	426	366
2012 04 11 19 20 56	1334186456196	verses	428	364
2012 04 11 19 20 56	1334186456204	verses	430	362
2012 04 11 19 20 56	1334186456212	verses	432	361
2012 04 11 19 20 56	1334186456220	verses	433	360
2012 04 11 19 20 56	1334186456229	verses	434	360
2012 04 11 19 20 56	1334186456364	verses	435	360
2012 04 11 19 20 56	1334186456372	verses	436	360
2012 04 11 19 20 56	1334186456380	verses	438	360
2012 04 11 19 20 56	1334186456389	verses	439	360
2012 04 11 19 20 56	1334186456396	verses	441	360
2012 04 11 19 20 56	1334186456404	verses	442	360
2012 04 11 19 20 56	1334186456412	verses	444	359
2012 04 11 19 20 56	1334186456420	verses	446	359
2012 04 11 19 20 56	1334186456437	verses	447	359
2012 04 11 19 20 56	1334186456444	verses	448	359
2012 04 11 19 20 56	1334186456460	verses	449	359
2012 04 11 19 20 56	1334186456468	verses	450	358
2012 04 11 19 20 56	1334186456484	verses	451	358
2012 04 11 19 20 56	1334186456492	verses	452	358
2012 04 11 19 20 56	1334186456500	verses	453	358
2012 04 11 19 20 56	1334186456508	verses	454	358
2012 04 11 19 20 56	1334186456516	verses	456	358
2012 04 11 19 20 56	1334186456524	verses	458	358
2012 04 11 19 20 56	1334186456533	verses	459	357
2012 04 11 19 20 56	1334186456544	verses	461	357
2012 04 11 19 20 56	1334186456548	verses	463	357
2012 04 11 19 20 56	1334186456556	verses	464	356
2012 04 11 19 20 56	1334186456564	verses	466	356
2012 04 11 19 20 56	1334186456836	tea	526	345
2012 04 11 19 20 56	1334186456844	tea	526	344
2012 04 11 19 20 56	1334186456852	tea	528	343
2012 04 11 19 20 56	1334186456860	tea	529	342
2012 04 11 19 20 56	1334186456868	tea	530	341
2012 04 11 19 20 56	1334186456876	tea	531	341
2012 04 11 19 20 56	1334186456884	tea	532	340
2012 04 11 19 20 56	1334186456892	tea	533	340
2012 04 11 19 20 56	1334186456900	tea	534	340
2012 04 11 19 20 56	1334186456908	tea	535	340
2012 04 11 19 20 56	1334186456924	tea	536	340
2012 04 11 19 20 56	1334186456950	tea	537	340
2012 04 11 19 20 56	1334186456980	tea	538	340
2012 04 11 19 20 56	1334186456988	tea	539	339
2012 04 11 19 20 56	1334186456996	tea	540	338
2012 04 11 19 20 57	1334186457004	tea	541	337
2012 04 11 19 20 57	1334186457012	tea	543	336
2012 04 11 19 20 57	1334186457020	tea	545	335
2012 04 11 19 20 57	1334186457028	tea	548	335
2012 04 11 19 20 57	1334186457036	worship	551	334
2012 04 11 19 20 57	1334186457045	worship	555	334
2012 04 11 19 20 57	1334186457053	tea	558	335
2012 04 11 19 20 57	1334186457060	tea	561	335
2012 04 11 19 20 57	1334186457068	tea	564	336
2012 04 11 19 20 57	1334186457076	tea	567	338
2012 04 11 19 20 57	1334186457084	worship	570	338
2012 04 11 19 20 57	1334186457092	worship	573	339
2012 04 11 19 20 57	1334186457172	bubbles	637	341
2012 04 11 19 20 57	1334186457180	bubbles	646	341
2012 04 11 19 20 57	1334186457188	bubbles	655	341
2012 04 11 19 20 57	1334186457195	bubbles	664	343
2012 04 11 19 20 57	1334186457203	bubbles	672	345
2012 04 11 19 20 57	1334186457211	bubbles	678	346
2012 04 11 19 20 57	1334186457828	bubbles	667	345
2012 04 11 19 20 57	1334186457836	bubbles	668	344
2012 04 11 19 20 57	1334186457843	bubbles	669	343
2012 04 11 19 20 57	1334186457852	bubbles	670	342
2012 04 11 19 20 57	1334186457859	bubbles	670	341
2012 04 11 19 20 57	1334186457868	bubbles	671	340
2012 04 11 19 20 57	1334186457883	bubbles	672	339
2012 04 11 19 20 57	1334186457907	bubbles	672	338
2012 04 11 19 20 58	1334186458108	bubbles	671	338
2012 04 11 19 20 58	1334186458124	bubbles	670	338
2012 04 11 19 20 58	1334186458140	bubbles	669	338
2012 04 11 19 20 58	1334186458156	bubbles	668	338
2012 04 11 19 20 58	1334186458172	bubbles	667	338
2012 04 11 19 20 58	1334186458188	bubbles	666	338
2012 04 11 19 20 58	1334186458196	bubbles	665	338
2012 04 11 19 20 58	1334186458204	bubbles	664	338
2012 04 11 19 20 58	1334186458221	bubbles	663	338
2012 04 11 19 20 58	1334186458228	bubbles	662	338
2012 04 11 19 20 58	1334186458252	bubbles	661	338
2012 04 11 19 20 58	1334186458268	bubbles	660	338
2012 04 11 19 20 58	1334186458276	bubbles	658	338
2012 04 11 19 20 58	1334186458284	bubbles	656	337
2012 04 11 19 20 58	1334186458292	bubbles	653	337
2012 04 11 19 20 58	1334186458300	bubbles	650	336
2012 04 11 19 20 58	1334186458308	bubbles	646	335
2012 04 11 19 20 58	1334186458317	bubbles	641	334
2012 04 11 19 20 58	1334186458324	environment	632	332
2012 04 11 19 20 58	1334186458332	environment	622	330
2012 04 11 19 20 58	1334186458340	environment	612	328
2012 04 11 19 20 58	1334186458347	environment	602	328
2012 04 11 19 20 58	1334186458436	wonder	508	305
2012 04 11 19 20 58	1334186458451	tapioca	477	297
2012 04 11 19 20 58	1334186458459	bubble tea	460	292
2012 04 11 19 20 58	1334186458467	bubble tea	446	287
2012 04 11 19 20 58	1334186458475	bubble tea	432	285
2012 04 11 19 20 58	1334186458483	bubble tea	421	283
2012 04 11 19 20 58	1334186458491	bubble tea	412	281
2012 04 11 19 20 58	1334186458500	bubble tea	407	279
2012 04 11 19 20 58	1334186458507	bubble tea	406	279
2012 04 11 19 20 58	1334186458564	bubble tea	407	278
2012 04 11 19 20 58	1334186458580	bubble tea	408	278
2012 04 11 19 20 58	1334186458588	bubble tea	409	277
2012 04 11 19 20 58	1334186458597	bubble tea	410	276
2012 04 11 19 20 58	1334186458605	bubble tea	411	276
2012 04 11 19 20 58	1334186458612	bubble tea	412	275
2012 04 11 19 20 58	1334186458620	bubble tea	413	275
2012 04 11 19 20 58	1334186458628	bubble tea	414	275
2012 04 11 19 20 58	1334186458636	bubble tea	415	275
2012 04 11 19 20 58	1334186458645	bubble tea	416	274
2012 04 11 19 20 58	1334186458652	bubble tea	417	274
2012 04 11 19 20 58	1334186458660	bubble tea	419	273
2012 04 11 19 20 58	1334186458668	bubble tea	421	273
2012 04 11 19 20 58	1334186458676	bubble tea	424	272
2012 04 11 19 20 58	1334186458684	bubble tea	428	271
2012 04 11 19 20 58	1334186458692	bubble tea	431	270
2012 04 11 19 20 58	1334186458700	bubble tea	435	269
2012 04 11 19 20 58	1334186458708	bubble tea	438	267
2012 04 11 19 20 58	1334186458716	bubble tea	441	265
2012 04 11 19 20 58	1334186458725	stars	444	263
2012 04 11 19 20 58	1334186458734	stars	446	261
2012 04 11 19 20 58	1334186458740	board games	448	259
2012 04 11 19 20 58	1334186458747	board games	451	255
2012 04 11 19 20 58	1334186458756	board games	454	251
2012 04 11 19 20 58	1334186458764	board games	457	248
2012 04 11 19 20 58	1334186458772	board games	460	247
2012 04 11 19 20 58	1334186458780	board games	461	245
2012 04 11 19 20 58	1334186458788	board games	462	243
2012 04 11 19 20 58	1334186458796	board games	463	242
2012 04 11 19 20 58	1334186458804	board games	463	241
2012 04 11 19 20 58	1334186458812	board games	464	241
2012 04 11 19 20 58	1334186458821	board games	464	240
2012 04 11 19 20 58	1334186458956	board games	465	240
2012 04 11 19 20 58	1334186458964	board games	466	240
2012 04 11 19 20 58	1334186458972	board games	467	240
2012 04 11 19 20 58	1334186458980	board games	468	240
2012 04 11 19 20 58	1334186458996	board games	469	240
2012 04 11 19 20 59	1334186459028	board games	470	240
2012 04 11 19 20 59	1334186459037	board games	470	239
2012 04 11 19 20 59	1334186459045	board games	471	238
2012 04 11 19 20 59	1334186459054	board games	472	237
2012 04 11 19 20 59	1334186459117	fresh fruit	483	223
2012 04 11 19 20 59	1334186459124	fresh fruit	488	221
2012 04 11 19 20 59	1334186459140	teas	500	217
2012 04 11 19 20 59	1334186459147	teas	505	216
2012 04 11 19 20 59	1334186459155	teas	513	213
2012 04 11 19 20 59	1334186459163	teas	520	211
2012 04 11 19 20 59	1334186459171	teas	527	209
2012 04 11 19 20 59	1334186459932	teas	517	210
2012 04 11 19 20 59	1334186459940	teas	515	212
2012 04 11 19 20 59	1334186459948	teas	513	215
2012 04 11 19 20 59	1334186459956	teas	511	217
2012 04 11 19 20 59	1334186459964	teas	509	219
2012 04 11 19 20 59	1334186459972	teas	506	222
2012 04 11 19 20 59	1334186459980	teas	504	225
2012 04 11 19 20 59	1334186459988	teas	500	228
2012 04 11 19 20 59	1334186459996	teas	497	231
2012 04 11 19 21 00	1334186460011	board games	488	241
2012 04 11 19 21 00	1334186460020	board games	482	247
2012 04 11 19 21 00	1334186460027	board games	478	252
2012 04 11 19 21 00	1334186460037	board games	473	258
2012 04 11 19 21 00	1334186460044	stars	467	263
2012 04 11 19 21 00	1334186460052	bubble tea	461	268
2012 04 11 19 21 00	1334186460061	bubble tea	456	273
2012 04 11 19 21 00	1334186460068	bubble tea	452	277
2012 04 11 19 21 00	1334186460076	bubble tea	448	281
2012 04 11 19 21 00	1334186460084	bubble tea	443	286
2012 04 11 19 21 00	1334186460092	bubble tea	438	289
2012 04 11 19 21 00	1334186460100	tapioca	434	293
2012 04 11 19 21 00	1334186460108	tapioca	430	295
2012 04 11 19 21 00	1334186460115	tapioca	427	297
2012 04 11 19 21 00	1334186460123	tapioca	423	301
2012 04 11 19 21 00	1334186460131	tapioca	418	306
2012 04 11 19 21 00	1334186460140	tapioca	413	307
2012 04 11 19 21 00	1334186460148	tapioca	407	310
2012 04 11 19 21 00	1334186460236	yunnie	364	330
2012 04 11 19 21 00	1334186460249	yunnie	362	331
2012 04 11 19 21 00	1334186460252	yunnie	360	333
2012 04 11 19 21 00	1334186460260	yunnie	358	334
2012 04 11 19 21 00	1334186460268	yunnie	357	335
2012 04 11 19 21 00	1334186460276	yunnie	356	335
2012 04 11 19 21 00	1334186460349	business	354	340
2012 04 11 19 21 00	1334186460356	business	354	341
2012 04 11 19 21 00	1334186460363	business	354	343
2012 04 11 19 21 00	1334186460372	business	354	344
2012 04 11 19 21 00	1334186460380	business	355	345
2012 04 11 19 21 00	1334186460388	business	356	346
2012 04 11 19 21 00	1334186460396	business	357	347
2012 04 11 19 21 00	1334186460405	business	358	348
2012 04 11 19 21 00	1334186460413	business	359	348
2012 04 11 19 21 00	1334186460420	business	359	349
2012 04 11 19 21 00	1334186460428	business	360	349
2012 04 11 19 21 00	1334186460436	business	361	349
2012 04 11 19 21 00	1334186460444	business	362	350
2012 04 11 19 21 00	1334186460452	business	363	350
2012 04 11 19 21 00	1334186460462	business	363	351
2012 04 11 19 21 00	1334186460468	business	364	351
2012 04 11 19 21 00	1334186460484	business	365	352
2012 04 11 19 21 00	1334186460492	business	365	353
2012 04 11 19 21 00	1334186460499	business	366	354
2012 04 11 19 21 00	1334186460507	business	366	355
2012 04 11 19 21 00	1334186460515	business	368	355
2012 04 11 19 21 00	1334186460523	business	369	356
2012 04 11 19 21 00	1334186460596	students	395	365
2012 04 11 19 21 00	1334186460604	students	398	365
2012 04 11 19 21 00	1334186460612	students	402	365
2012 04 11 19 21 00	1334186460620	students	405	365
2012 04 11 19 21 00	1334186460628	students	408	365
2012 04 11 19 21 00	1334186460636	students	412	366
2012 04 11 19 21 00	1334186460644	students	414	366
2012 04 11 19 21 00	1334186460652	verses	417	366
2012 04 11 19 21 00	1334186460660	verses	421	366
2012 04 11 19 21 00	1334186460668	verses	425	366
2012 04 11 19 21 00	1334186460677	verses	427	366
2012 04 11 19 21 00	1334186460684	verses	429	366
2012 04 11 19 21 00	1334186460701	verses	431	366
2012 04 11 19 21 00	1334186460716	verses	433	366
2012 04 11 19 21 00	1334186460740	verses	434	366
2012 04 11 19 21 00	1334186460748	verses	435	366
2012 04 11 19 21 00	1334186460772	verses	436	366
2012 04 11 19 21 00	1334186460780	verses	437	366
2012 04 11 19 21 00	1334186460804	verses	439	367
2012 04 11 19 21 00	1334186460812	verses	440	368
2012 04 11 19 21 00	1334186460820	students	442	369
2012 04 11 19 21 00	1334186460828	students	444	370
2012 04 11 19 21 00	1334186460836	students	447	372
2012 04 11 19 21 00	1334186460844	students	450	373
2012 04 11 19 21 00	1334186460852	students	453	375
2012 04 11 19 21 00	1334186460862	students	456	376
2012 04 11 19 21 00	1334186460868	students	459	378
2012 04 11 19 21 00	1334186460877	students	461	379
2012 04 11 19 21 00	1334186460884	students	463	380
2012 04 11 19 21 00	1334186460892	students	464	380
2012 04 11 19 21 00	1334186460899	students	465	380
2012 04 11 19 21 01	1334186461124	christian music	531	407
2012 04 11 19 21 01	1334186461132	christian music	537	408
2012 04 11 19 21 01	1334186461140	christian music	543	410
2012 04 11 19 21 01	1334186461147	christian music	550	411
2012 04 11 19 21 01	1334186461155	christian music	556	413
2012 04 11 19 21 01	1334186461163	christian music	561	415
2012 04 11 19 21 01	1334186461171	christian music	567	416
2012 04 11 19 21 01	1334186461179	atmosphere	571	418
2012 04 11 19 21 01	1334186461187	atmosphere	575	420
2012 04 11 19 21 01	1334186461195	atmosphere	579	420
2012 04 11 19 21 01	1334186461203	atmosphere	583	421
2012 04 11 19 21 01	1334186461211	atmosphere	587	423
2012 04 11 19 21 01	1334186461219	atmosphere	591	424
2012 04 11 19 21 01	1334186461228	atmosphere	595	426
2012 04 11 19 21 01	1334186461236	atmosphere	599	427
2012 04 11 19 21 01	1334186461244	atmosphere	602	428
2012 04 11 19 21 01	1334186461252	atmosphere	605	429
2012 04 11 19 21 01	1334186461260	atmosphere	608	430
2012 04 11 19 21 01	1334186461268	atmosphere	611	431
2012 04 11 19 21 01	1334186461276	atmosphere	613	431
2012 04 11 19 21 01	1334186461285	atmosphere	616	432
2012 04 11 19 21 01	1334186461296	atmosphere	619	433
2012 04 11 19 21 01	1334186461300	atmosphere	620	433
2012 04 11 19 21 01	1334186461308	atmosphere	622	433
2012 04 11 19 21 01	1334186461316	atmosphere	623	434
2012 04 11 19 21 01	1334186461324	atmosphere	624	434
2012 04 11 19 21 01	1334186461333	atmosphere	625	434
2012 04 11 19 21 01	1334186461396	sugar	664	447
2012 04 11 19 21 01	1334186461403	sugar	674	448
2012 04 11 19 21 01	1334186461476	wow	720	463
2012 04 11 19 21 01	1334186461484	wow	725	464
2012 04 11 19 21 01	1334186461492	wow	728	466
2012 04 11 19 21 01	1334186461500	wow	729	466
2012 04 11 19 21 01	1334186461508	wow	730	466
2012 04 11 19 21 01	1334186461556	wow	729	466
2012 04 11 19 21 01	1334186461563	wow	728	465
2012 04 11 19 21 01	1334186461571	wow	725	463
2012 04 11 19 21 01	1334186461604	sugar	694	443
2012 04 11 19 21 01	1334186461612	sugar	679	433
2012 04 11 19 21 01	1334186461644	places	604	387
2012 04 11 19 21 01	1334186461676	tea	550	361
2012 04 11 19 21 01	1334186461684	tea	543	359
2012 04 11 19 21 01	1334186461692	tea	539	358
2012 04 11 19 21 01	1334186461700	tea	538	358
2012 04 11 19 21 01	1334186461716	tea	538	357
2012 04 11 19 21 01	1334186461764	tea	537	357
2012 04 11 19 21 01	1334186461772	tea	536	357
2012 04 11 19 21 01	1334186461779	tea	534	357
2012 04 11 19 21 01	1334186461787	tea	532	356
2012 04 11 19 21 01	1334186461795	tea	529	356
2012 04 11 19 21 01	1334186461803	tea	525	355
2012 04 11 19 21 02	1334186462068	bible verses	458	339
2012 04 11 19 21 02	1334186462076	bible verses	455	338
2012 04 11 19 21 02	1334186462084	bible verses	452	338
2012 04 11 19 21 02	1334186462092	bible verses	449	337
2012 04 11 19 21 02	1334186462100	bible verses	447	336
2012 04 11 19 21 02	1334186462108	bible verses	445	336
2012 04 11 19 21 02	1334186462116	bible verses	443	335
2012 04 11 19 21 02	1334186462124	bible verses	442	335
2012 04 11 19 21 02	1334186462132	bible verses	441	334
2012 04 11 19 21 02	1334186462308	bible verses	440	334
2012 04 11 19 21 02	1334186462332	bible verses	439	334
2012 04 11 19 21 02	1334186462364	bible verses	438	334
2012 04 11 19 21 02	1334186462413	bible verses	437	335
2012 04 11 19 21 02	1334186462428	bible verses	436	335
2012 04 11 19 21 02	1334186462444	bible verses	435	335
2012 04 11 19 21 02	1334186462984	bible verses	438	335
2012 04 11 19 21 02	1334186462988	bible verses	441	335
2012 04 11 19 21 02	1334186462996	bible verses	443	335
2012 04 11 19 21 03	1334186463003	bible verses	445	335
2012 04 11 19 21 03	1334186463011	bible verses	448	335
2012 04 11 19 21 03	1334186463020	bible verses	451	335
2012 04 11 19 21 03	1334186463027	bible verses	454	335
2012 04 11 19 21 03	1334186463035	bible verses	457	335
2012 04 11 19 21 03	1334186463043	bible verses	463	335
2012 04 11 19 21 03	1334186463051	bible verses	471	336
2012 04 11 19 21 03	1334186463092	tea	532	347
2012 04 11 19 21 03	1334186463100	tea	545	349
2012 04 11 19 21 03	1334186463107	tea	559	352
2012 04 11 19 21 03	1334186463155	places	637	367
2012 04 11 19 21 03	1334186463163	places	650	370
2012 04 11 19 21 03	1334186463171	places	664	374
2012 04 11 19 21 03	1334186463179	smoothie	678	378
2012 04 11 19 21 03	1334186463188	smoothie	691	382
2012 04 11 19 21 03	1334186463199	smoothie	704	384
2012 04 11 19 21 03	1334186463204	board	715	387
2012 04 11 19 21 03	1334186463212	board	728	391
2012 04 11 19 21 03	1334186463460	board	731	402
2012 04 11 19 21 03	1334186463468	board	728	402
2012 04 11 19 21 03	1334186463476	board	726	402
2012 04 11 19 21 03	1334186463484	board	722	402
2012 04 11 19 21 03	1334186463492	board	718	402
2012 04 11 19 21 03	1334186463500	board	715	402
2012 04 11 19 21 03	1334186463508	board	712	402
2012 04 11 19 21 03	1334186463516	board	709	402
2012 04 11 19 21 03	1334186463524	board	706	402
2012 04 11 19 21 03	1334186463532	board	703	402
2012 04 11 19 21 03	1334186463540	board	701	402
2012 04 11 19 21 03	1334186463548	board	699	402
2012 04 11 19 21 03	1334186463556	board	696	402
2012 04 11 19 21 03	1334186463569	board	694	402
2012 04 11 19 21 03	1334186463572	board	693	402
2012 04 11 19 21 03	1334186463580	board	691	402
2012 04 11 19 21 03	1334186463588	board	689	402
2012 04 11 19 21 03	1334186463596	board	688	402
2012 04 11 19 21 03	1334186463604	board	686	402
2012 04 11 19 21 03	1334186463626	board	683	402
2012 04 11 19 21 03	1334186463635	board	681	402
2012 04 11 19 21 03	1334186463639	board	679	402
2012 04 11 19 21 03	1334186463644	board	678	402
2012 04 11 19 21 03	1334186463653	board	677	402
2012 04 11 19 21 03	1334186463660	board	675	402
2012 04 11 19 21 03	1334186463668	board	673	402
2012 04 11 19 21 03	1334186463676	board	672	402
2012 04 11 19 21 03	1334186463684	board	671	402
2012 04 11 19 21 03	1334186463691	board	670	402
2012 04 11 19 21 03	1334186463699	board	668	402
2012 04 11 19 21 03	1334186463707	board	667	402
2012 04 11 19 21 03	1334186463715	cash	665	402
2012 04 11 19 21 03	1334186463725	cash	664	402
2012 04 11 19 21 03	1334186463734	cash	663	402
2012 04 11 19 21 03	1334186463739	cash	662	402
2012 04 11 19 21 03	1334186463748	cash	661	402
2012 04 11 19 21 03	1334186463756	cash	660	402
2012 04 11 19 21 03	1334186463764	cash	658	402
2012 04 11 19 21 03	1334186463772	cash	657	402
2012 04 11 19 21 03	1334186463780	cash	656	402
2012 04 11 19 21 03	1334186463788	cash	655	402
2012 04 11 19 21 03	1334186463796	cash	654	402
2012 04 11 19 21 03	1334186463804	cash	653	402
2012 04 11 19 21 03	1334186463812	cash	652	402
2012 04 11 19 21 03	1334186463836	cash	651	402
2012 04 11 19 21 03	1334186463846	cash	650	402
2012 04 11 19 21 03	1334186463860	cash	649	402
2012 04 11 19 21 03	1334186463868	cash	648	402
2012 04 11 19 21 03	1334186463884	cash	646	402
2012 04 11 19 21 03	1334186463900	cash	644	402
2012 04 11 19 21 03	1334186463908	cash	643	402
2012 04 11 19 21 03	1334186463916	cash	642	402
2012 04 11 19 21 03	1334186463923	cash	640	402
2012 04 11 19 21 03	1334186463931	cash	638	401
2012 04 11 19 21 04	1334186464012	places	603	389
2012 04 11 19 21 05	1334186465580	places	600	380
2012 04 11 19 21 05	1334186465588	places	603	381
2012 04 11 19 21 05	1334186465596	places	606	382
2012 04 11 19 21 05	1334186465604	places	609	383
2012 04 11 19 21 05	1334186465612	places	613	383
2012 04 11 19 21 05	1334186465620	places	615	384
2012 04 11 19 21 05	1334186465628	places	618	385
2012 04 11 19 21 05	1334186465636	places	620	386
2012 04 11 19 21 05	1334186465644	places	621	387
2012 04 11 19 21 05	1334186465652	places	623	387
2012 04 11 19 21 05	1334186465660	places	624	388
2012 04 11 19 21 05	1334186465668	places	625	388
2012 04 11 19 21 05	1334186465676	places	627	389
2012 04 11 19 21 05	1334186465716	cash	638	394
2012 04 11 19 21 05	1334186465724	cash	641	396
2012 04 11 19 21 05	1334186465732	cash	644	397
2012 04 11 19 21 05	1334186465740	cash	647	399
2012 04 11 19 21 05	1334186465748	cash	649	400
2012 04 11 19 21 05	1334186465756	cash	653	402
2012 04 11 19 21 05	1334186465764	cash	655	403
2012 04 11 19 21 05	1334186465772	cash	658	405
2012 04 11 19 21 05	1334186465780	cash	660	407
2012 04 11 19 21 05	1334186465884	jenga	685	419
2012 04 11 19 21 05	1334186465892	jenga	687	420
2012 04 11 19 21 05	1334186465900	jenga	688	421
2012 04 11 19 21 05	1334186465908	jenga	690	423
2012 04 11 19 21 05	1334186465916	jenga	692	424
2012 04 11 19 21 05	1334186465924	jenga	695	425
2012 04 11 19 21 05	1334186465932	jenga	696	426
2012 04 11 19 21 05	1334186465940	jenga	698	427
2012 04 11 19 21 05	1334186465948	jenga	699	428
2012 04 11 19 21 05	1334186465956	jenga	700	429
2012 04 11 19 21 06	1334186466060	sugar	705	433
2012 04 11 19 21 06	1334186466069	sugar	707	435
2012 04 11 19 21 06	1334186466078	smoothies	709	436
2012 04 11 19 21 06	1334186466084	smoothies	712	437
2012 04 11 19 21 06	1334186466092	smoothies	714	439
2012 04 11 19 21 06	1334186466099	smoothies	716	439
2012 04 11 19 21 06	1334186466107	smoothies	717	440
2012 04 11 19 21 06	1334186466115	smoothies	718	441
2012 04 11 19 21 06	1334186466123	smoothies	719	441
2012 04 11 19 21 06	1334186466131	smoothies	720	442
2012 04 11 19 21 06	1334186466139	smoothies	721	442
2012 04 11 19 21 06	1334186466155	smoothies	722	442
2012 04 11 19 21 06	1334186466164	smoothies	722	443
2012 04 11 19 21 06	1334186466172	smoothies	723	443
2012 04 11 19 21 06	1334186466180	smoothies	723	444
2012 04 11 19 21 06	1334186466187	smoothies	724	444
2012 04 11 19 21 06	1334186466195	smoothies	725	445
2012 04 11 19 21 06	1334186466212	smoothies	726	446
2012 04 11 19 21 06	1334186466228	smoothies	727	446
2012 04 11 19 21 07	1334186467268	smoothies	720	446
2012 04 11 19 21 07	1334186467300	smoothies	719	445
2012 04 11 19 21 07	1334186467316	smoothies	718	445
2012 04 11 19 21 07	1334186467324	smoothies	718	444
2012 04 11 19 21 07	1334186467332	smoothies	717	444
2012 04 11 19 21 07	1334186467340	smoothies	716	443
2012 04 11 19 21 07	1334186467356	smoothies	715	443
2012 04 11 19 21 07	1334186467364	smoothies	714	442
2012 04 11 19 21 07	1334186467381	smoothies	713	442
2012 04 11 19 21 07	1334186467396	smoothies	712	442
2012 04 11 19 21 07	1334186467404	smoothies	712	441
2012 04 11 19 21 07	1334186467420	smoothies	711	441
2012 04 11 19 21 07	1334186467437	smoothies	710	440
2012 04 11 19 21 07	1334186467452	smoothies	709	440
2012 04 11 19 21 07	1334186467467	smoothies	708	439
2012 04 11 19 21 07	1334186467484	sugar	707	439
2012 04 11 19 21 07	1334186467492	sugar	706	439
2012 04 11 19 21 07	1334186467499	sugar	706	438
2012 04 11 19 21 07	1334186467507	sugar	704	438
2012 04 11 19 21 07	1334186467515	sugar	704	437
2012 04 11 19 21 07	1334186467523	sugar	703	437
2012 04 11 19 21 07	1334186467532	sugar	702	437
2012 04 11 19 21 07	1334186467544	sugar	701	437
2012 04 11 19 21 07	1334186467548	sugar	700	436
2012 04 11 19 21 07	1334186467581	sugar	699	436
2012 04 11 19 21 07	1334186467644	sugar	699	435
2012 04 11 19 21 07	1334186467653	sugar	698	435
2012 04 11 19 21 07	1334186467692	sugar	697	435
2012 04 11 19 21 07	1334186467716	sugar	696	434
2012 04 11 19 21 07	1334186467732	sugar	695	434
2012 04 11 19 21 07	1334186467757	sugar	694	434
2012 04 11 19 21 07	1334186467772	sugar	693	434
2012 04 11 19 21 07	1334186467796	sugar	692	434
2012 04 11 19 21 07	1334186467804	sugar	692	433
2012 04 11 19 21 07	1334186467820	sugar	691	433
2012 04 11 19 21 07	1334186467868	sugar	690	433
2012 04 11 19 21 08	1334186468908	board	676	408
2012 04 11 19 21 08	1334186468916	board	678	406
2012 04 11 19 21 08	1334186468924	board	679	404
2012 04 11 19 21 08	1334186468932	board	681	402
2012 04 11 19 21 08	1334186468940	board	682	400
2012 04 11 19 21 08	1334186468948	board	684	399
2012 04 11 19 21 08	1334186468956	board	685	397
2012 04 11 19 21 08	1334186468964	board	686	396
2012 04 11 19 21 08	1334186468972	board	687	394
2012 04 11 19 21 08	1334186468980	board	687	393
2012 04 11 19 21 08	1334186468988	board	688	392
2012 04 11 19 21 08	1334186468996	board	688	391
2012 04 11 19 21 09	1334186469004	board	688	390
2012 04 11 19 21 09	1334186469012	board	688	389
2012 04 11 19 21 09	1334186469028	board	688	388
2012 04 11 19 21 09	1334186469156	board	688	387
2012 04 11 19 21 09	1334186469652	smoothie	688	386
2012 04 11 19 21 09	1334186469668	smoothie	688	385
2012 04 11 19 21 09	1334186469676	smoothie	689	385
2012 04 11 19 21 09	1334186469700	smoothie	689	384
2012 04 11 19 21 09	1334186469732	smoothie	690	383
2012 04 11 19 21 09	1334186469748	smoothie	691	382
2012 04 11 19 21 09	1334186469756	smoothie	691	381
2012 04 11 19 21 09	1334186469772	smoothie	692	380
2012 04 11 19 21 09	1334186469780	smoothie	693	379
2012 04 11 19 21 09	1334186469787	smoothie	693	378
2012 04 11 19 21 09	1334186469795	smoothie	694	377
2012 04 11 19 21 09	1334186469803	smoothie	695	376
2012 04 11 19 21 09	1334186469811	smoothie	696	375
2012 04 11 19 21 09	1334186469819	smoothie	697	374
2012 04 11 19 21 09	1334186469827	smoothie	697	373
2012 04 11 19 21 09	1334186469836	smoothie	698	372
2012 04 11 19 21 09	1334186469845	smoothie	699	371
2012 04 11 19 21 09	1334186469852	smoothie	699	370
2012 04 11 19 21 09	1334186469860	smoothie	700	369
2012 04 11 19 21 09	1334186469876	smoothie	701	368
2012 04 11 19 21 09	1334186469884	smoothie	702	367
2012 04 11 19 21 09	1334186469900	smoothie	702	366
2012 04 11 19 21 09	1334186469924	smoothie	703	366
2012 04 11 19 21 10	1334186470692	smoothie	704	366
2012 04 11 19 21 10	1334186470732	smoothie	704	367
2012 04 11 19 21 10	1334186470764	smoothie	705	367
2012 04 11 19 21 10	1334186470788	smoothie	706	367
2012 04 11 19 21 10	1334186470812	smoothie	707	367
2012 04 11 19 21 10	1334186470836	smoothie	707	366
2012 04 11 19 21 10	1334186470884	smoothie	707	365
2012 04 11 19 21 10	1334186470908	smoothie	707	364
2012 04 11 19 21 10	1334186470916	smoothie	708	364
2012 04 11 19 21 11	1334186471708	bubbles	694	333
2012 04 11 19 21 11	1334186471716	bubbles	693	333
2012 04 11 19 21 11	1334186471724	bubbles	692	333
2012 04 11 19 21 11	1334186471732	environment	692	332
2012 04 11 19 21 11	1334186471908	environment	691	332
2012 04 11 19 21 12	1334186472156	environment	692	332
2012 04 11 19 21 12	1334186472164	environment	693	332
2012 04 11 19 21 12	1334186472172	environment	694	332
2012 04 11 19 21 12	1334186472180	environment	695	331
2012 04 11 19 21 12	1334186472188	environment	696	331
2012 04 11 19 21 12	1334186472196	environment	697	330
2012 04 11 19 21 12	1334186472772	bubble	708	227
2012 04 11 19 21 12	1334186472780	bubble	708	226
2012 04 11 19 21 12	1334186472788	bubble	709	224
2012 04 11 19 21 12	1334186472796	bubble	709	223
2012 04 11 19 21 12	1334186472804	bubble	710	221
2012 04 11 19 21 12	1334186472812	bubble	711	220
2012 04 11 19 21 12	1334186472820	bubble	711	219
2012 04 11 19 21 12	1334186472828	bubble	712	217
2012 04 11 19 21 12	1334186472836	bubble	712	216
2012 04 11 19 21 12	1334186472844	bubble	713	214
2012 04 11 19 21 12	1334186472852	bubble	713	213
2012 04 11 19 21 12	1334186472860	bubble	714	212
2012 04 11 19 21 12	1334186472868	bubble	714	210
2012 04 11 19 21 12	1334186472891	bubble	715	209
2012 04 11 19 21 12	1334186472892	bubble	715	208
2012 04 11 19 21 12	1334186472900	bubble	715	207
2012 04 11 19 21 12	1334186472916	bubble	715	206
2012 04 11 19 21 12	1334186472924	bubble	715	205
2012 04 11 19 21 12	1334186472945	bubble	715	204
2012 04 11 19 21 12	1334186472948	bubble	715	203
2012 04 11 19 21 12	1334186472964	bubble	715	202
2012 04 11 19 21 12	1334186472972	bubble	715	201
2012 04 11 19 21 12	1334186472980	bubble	714	201
2012 04 11 19 21 12	1334186472996	bubble	714	200
2012 04 11 19 21 13	1334186473011	bubble	713	199
2012 04 11 19 21 13	1334186473220	powder	721	185
2012 04 11 19 21 13	1334186473228	powder	722	185
2012 04 11 19 21 13	1334186473284	flavor	725	183
2012 04 11 19 21 13	1334186473292	flavor	726	183
2012 04 11 19 21 13	1334186473308	flavor	727	182
2012 04 11 19 21 13	1334186473325	flavor	728	182
2012 04 11 19 21 13	1334186473429	flavor	729	182
2012 04 11 19 21 13	1334186473444	flavor	730	183
2012 04 11 19 21 13	1334186473460	powder	730	185
2012 04 11 19 21 13	1334186473468	powder	731	188
2012 04 11 19 21 13	1334186473476	powder	731	190
2012 04 11 19 21 13	1334186473484	powder	732	194
2012 04 11 19 21 13	1334186473492	powder	733	197
2012 04 11 19 21 13	1334186473500	bubble	735	202
2012 04 11 19 21 13	1334186473508	bubble	736	207
2012 04 11 19 21 13	1334186473516	bubble	737	211
2012 04 11 19 21 13	1334186473524	bubble	738	216
2012 04 11 19 21 13	1334186473533	bubble	739	223
2012 04 11 19 21 13	1334186473540	service	741	229
2012 04 11 19 21 13	1334186473548	service	741	234
2012 04 11 19 21 13	1334186473556	strawberry	741	239
2012 04 11 19 21 13	1334186473564	strawberry	741	244
2012 04 11 19 21 13	1334186473572	strawberry	739	248
2012 04 11 19 21 13	1334186473580	strawberry	739	250
2012 04 11 19 21 13	1334186473820	drinks	708	301
2012 04 11 19 21 13	1334186473828	drinks	706	302
2012 04 11 19 21 13	1334186473836	drinks	704	303
2012 04 11 19 21 13	1334186473844	drinks	702	304
2012 04 11 19 21 13	1334186473852	drinks	700	305
2012 04 11 19 21 13	1334186473860	drinks	698	306
2012 04 11 19 21 13	1334186473956	environment	669	316
2012 04 11 19 21 13	1334186473964	environment	666	318
2012 04 11 19 21 13	1334186473972	environment	664	319
2012 04 11 19 21 13	1334186473980	environment	662	320
2012 04 11 19 21 13	1334186473988	environment	661	321
2012 04 11 19 21 13	1334186473996	environment	659	321
2012 04 11 19 21 14	1334186474004	environment	658	322
2012 04 11 19 21 14	1334186474012	environment	657	323
2012 04 11 19 21 14	1334186474020	environment	656	324
2012 04 11 19 21 14	1334186474029	environment	655	325
2012 04 11 19 21 14	1334186474037	environment	654	326
2012 04 11 19 21 14	1334186474044	environment	653	327
2012 04 11 19 21 14	1334186474052	environment	652	328
2012 04 11 19 21 14	1334186474060	environment	652	329
2012 04 11 19 21 14	1334186474068	environment	651	330
2012 04 11 19 21 14	1334186474076	environment	651	332
2012 04 11 19 21 14	1334186474084	bubbles	651	333
2012 04 11 19 21 14	1334186474092	bubbles	650	334
2012 04 11 19 21 14	1334186474100	bubbles	650	336
2012 04 11 19 21 14	1334186474108	bubbles	650	337
2012 04 11 19 21 14	1334186474117	bubbles	650	339
2012 04 11 19 21 14	1334186474124	bubbles	650	342
2012 04 11 19 21 14	1334186474132	bubbles	650	344
2012 04 11 19 21 14	1334186474229	places	660	367
2012 04 11 19 21 14	1334186474236	places	661	369
2012 04 11 19 21 14	1334186474243	places	663	370
2012 04 11 19 21 14	1334186474251	places	664	372
2012 04 11 19 21 14	1334186474259	places	666	373
2012 04 11 19 21 14	1334186474267	places	667	375
2012 04 11 19 21 14	1334186474275	places	669	376
2012 04 11 19 21 14	1334186474283	smoothie	670	377
2012 04 11 19 21 14	1334186474291	smoothie	671	378
2012 04 11 19 21 14	1334186474299	smoothie	672	379
2012 04 11 19 21 14	1334186474307	smoothie	673	380
2012 04 11 19 21 14	1334186474315	smoothie	674	381
2012 04 11 19 21 14	1334186474323	smoothie	676	382
2012 04 11 19 21 14	1334186474332	smoothie	677	383
2012 04 11 19 21 14	1334186474340	smoothie	679	385
2012 04 11 19 21 14	1334186474348	board	681	387
2012 04 11 19 21 14	1334186474356	board	684	390
2012 04 11 19 21 14	1334186474364	board	686	392
2012 04 11 19 21 14	1334186474372	board	689	394
2012 04 11 19 21 14	1334186474380	board	691	396
2012 04 11 19 21 14	1334186474388	board	693	398
2012 04 11 19 21 14	1334186474396	board	694	400
2012 04 11 19 21 14	1334186474404	board	696	403
2012 04 11 19 21 14	1334186474411	board	699	405
2012 04 11 19 21 14	1334186474420	board	701	408
2012 04 11 19 21 14	1334186474435	jenga	706	413
2012 04 11 19 21 14	1334186474443	jenga	710	417
2012 04 11 19 21 14	1334186474451	jenga	713	422
2012 04 11 19 21 14	1334186474459	jenga	717	427
2012 04 11 19 21 14	1334186474467	smoothies	720	431
2012 04 11 19 21 14	1334186474475	smoothies	724	435
2012 04 11 19 21 14	1334186474484	smoothies	727	438
2012 04 11 19 21 14	1334186474493	smoothies	730	442
2012 04 11 19 21 14	1334186474503	smoothies	733	445
2012 04 11 19 21 14	1334186474580	person	762	486
2012 04 11 19 21 14	1334186474589	person	766	490
2012 04 11 19 21 14	1334186474596	person	769	495
2012 04 11 19 21 14	1334186474604	person	772	499
2012 04 11 19 21 14	1334186474612	person	774	500
2012 04 11 19 21 14	1334186474620	person	775	501
2012 04 11 19 21 14	1334186474628	person	776	502
2012 04 11 19 21 14	1334186474700	seattle	778	515
2012 04 11 19 21 14	1334186474709	seattle	779	518
2012 04 11 19 21 14	1334186474715	seattle	780	520
2012 04 11 19 21 14	1334186474723	seattle	780	522
2012 04 11 19 21 14	1334186474731	seattle	781	524
2012 04 11 19 21 14	1334186474739	seattle	782	525
2012 04 11 19 21 14	1334186474747	seattle	782	527
2012 04 11 19 21 14	1334186474755	seattle	783	528
2012 04 11 19 21 14	1334186474763	seattle	784	531
2012 04 11 19 21 15	1334186475092	real fruit	760	549
2012 04 11 19 21 15	1334186475100	real fruit	758	547
2012 04 11 19 21 15	1334186475108	real fruit	756	545
2012 04 11 19 21 15	1334186475116	real fruit	754	543
2012 04 11 19 21 15	1334186475124	real fruit	751	540
2012 04 11 19 21 15	1334186475132	real fruit	749	538
2012 04 11 19 21 15	1334186475140	real fruit	747	536
2012 04 11 19 21 15	1334186475148	real fruit	745	534
2012 04 11 19 21 15	1334186475164	seattle	742	530
2012 04 11 19 21 15	1334186475172	seattle	740	528
2012 04 11 19 21 15	1334186475180	bit	738	526
2012 04 11 19 21 15	1334186475188	bit	736	524
2012 04 11 19 21 15	1334186475196	bit	735	523
2012 04 11 19 21 15	1334186475364	atmosphere	643	434
2012 04 11 19 21 15	1334186475371	atmosphere	638	428
2012 04 11 19 21 15	1334186475380	atmosphere	634	421
2012 04 11 19 21 15	1334186475421	places	612	383
2012 04 11 19 21 15	1334186475428	places	607	377
2012 04 11 19 21 15	1334186475436	places	601	371
2012 04 11 19 21 15	1334186475492	tea	567	344
2012 04 11 19 21 15	1334186475500	tea	562	339
2012 04 11 19 21 15	1334186475508	worship	556	333
2012 04 11 19 21 15	1334186475521	worship	550	327
2012 04 11 19 21 15	1334186475540	wonder	537	303
2012 04 11 19 21 15	1334186475548	wonder	534	296
2012 04 11 19 21 15	1334186475556	bubble tea	529	289
2012 04 11 19 21 15	1334186475564	bubble tea	528	282
2012 04 11 19 21 15	1334186475572	bubble tea	525	275
2012 04 11 19 21 15	1334186475580	bubble tea	523	268
2012 04 11 19 21 15	1334186475596	board games	519	253
2012 04 11 19 21 15	1334186475604	board games	515	246
2012 04 11 19 21 15	1334186475612	board games	514	240
2012 04 11 19 21 15	1334186475628	teas	510	229
2012 04 11 19 21 15	1334186475636	teas	509	225
2012 04 11 19 21 15	1334186475643	teas	507	220
2012 04 11 19 21 15	1334186475651	teas	505	216
2012 04 11 19 21 15	1334186475659	teas	505	213
2012 04 11 19 21 15	1334186475667	teas	504	210
2012 04 11 19 21 15	1334186475676	fruit	504	205
2012 04 11 19 21 15	1334186475684	fruit	504	200
2012 04 11 19 21 15	1334186475692	fruit	504	194
2012 04 11 19 21 15	1334186475700	fruit	504	190
2012 04 11 19 21 15	1334186475708	fruit	504	186
2012 04 11 19 21 15	1334186475716	games	504	183
2012 04 11 19 21 15	1334186475724	games	504	181
2012 04 11 19 21 15	1334186475732	games	504	179
2012 04 11 19 21 15	1334186475740	games	504	178
2012 04 11 19 21 15	1334186475748	games	505	177
2012 04 11 19 21 15	1334186475756	games	505	176
2012 04 11 19 21 15	1334186475764	games	506	175
2012 04 11 19 21 15	1334186475775	games	506	174
2012 04 11 19 21 15	1334186475788	games	507	173
2012 04 11 19 21 15	1334186475796	games	507	172
2012 04 11 19 21 15	1334186475812	games	507	171
2012 04 11 19 21 15	1334186475836	games	507	170
2012 04 11 19 21 15	1334186475852	games	507	169
2012 04 11 19 21 15	1334186475868	games	507	168
2012 04 11 19 21 15	1334186475877	games	507	167
2012 04 11 19 21 15	1334186475884	games	507	166
2012 04 11 19 21 15	1334186475892	games	505	164
2012 04 11 19 21 16	1334186476196	boba	630	174
2012 04 11 19 21 16	1334186476204	boba	639	176
2012 04 11 19 21 16	1334186476212	boba	646	176
2012 04 11 19 21 16	1334186476220	boba	650	176
2012 04 11 19 21 16	1334186476228	boba	652	178
2012 04 11 19 21 16	1334186476236	boba	654	178
2012 04 11 19 21 16	1334186476244	boba	656	178
2012 04 11 19 21 16	1334186476252	size	657	178
2012 04 11 19 21 16	1334186476260	size	658	178
2012 04 11 19 21 16	1334186476268	size	660	179
2012 04 11 19 21 16	1334186476276	size	661	179
2012 04 11 19 21 16	1334186476284	size	662	180
2012 04 11 19 21 16	1334186476292	size	663	180
2012 04 11 19 21 16	1334186476300	size	664	181
2012 04 11 19 21 16	1334186476321	size	665	181
2012 04 11 19 21 16	1334186476405	flavor	672	181
2012 04 11 19 21 16	1334186476428	flavor	673	181
2012 04 11 19 21 16	1334186476443	flavor	674	181
2012 04 11 19 21 16	1334186476459	flavor	675	180
2012 04 11 19 21 16	1334186476468	flavor	676	180
2012 04 11 19 21 16	1334186476477	flavor	676	179
2012 04 11 19 21 16	1334186476484	flavor	677	179
2012 04 11 19 21 16	1334186476491	flavor	678	178
2012 04 11 19 21 16	1334186476499	flavor	680	177
2012 04 11 19 21 16	1334186476507	flavor	681	176
2012 04 11 19 21 16	1334186476515	flavor	683	176
2012 04 11 19 21 16	1334186476523	flavor	684	176
2012 04 11 19 21 16	1334186476531	flavor	686	175
2012 04 11 19 21 16	1334186476540	flavor	687	175
2012 04 11 19 21 16	1334186476548	flavor	688	175
2012 04 11 19 21 16	1334186476556	flavor	689	175
2012 04 11 19 21 16	1334186476564	flavor	690	175
2012 04 11 19 21 16	1334186476580	flavor	691	175
2012 04 11 19 21 16	1334186476588	flavor	692	175
2012 04 11 19 21 16	1334186476596	flavor	694	175
2012 04 11 19 21 16	1334186476604	flavor	695	175
2012 04 11 19 21 16	1334186476612	flavor	697	175
2012 04 11 19 21 16	1334186476620	flavor	698	175
2012 04 11 19 21 16	1334186476628	flavor	701	175
2012 04 11 19 21 16	1334186476636	flavor	703	175
2012 04 11 19 21 16	1334186476644	flavor	705	175
2012 04 11 19 21 16	1334186476652	flavor	707	175
2012 04 11 19 21 16	1334186476660	flavor	708	175
2012 04 11 19 21 16	1334186476668	flavor	710	176
2012 04 11 19 21 16	1334186476676	flavor	711	176
2012 04 11 19 21 16	1334186476685	flavor	713	176
2012 04 11 19 21 16	1334186476692	flavor	714	176
2012 04 11 19 21 16	1334186476700	flavor	716	176
2012 04 11 19 21 16	1334186476707	flavor	719	176
2012 04 11 19 21 16	1334186476715	flavor	721	177
2012 04 11 19 21 16	1334186476723	flavor	724	177
2012 04 11 19 21 16	1334186476732	flavor	726	177
2012 04 11 19 21 16	1334186476740	flavor	729	177
2012 04 11 19 21 16	1334186476748	flavor	731	178
2012 04 11 19 21 16	1334186476756	flavor	734	178
2012 04 11 19 21 16	1334186476764	flavor	736	178
2012 04 11 19 21 16	1334186476772	flavor	737	177
2012 04 11 19 21 16	1334186476828	feel	742	175
2012 04 11 19 21 16	1334186476837	feel	743	175
2012 04 11 19 21 16	1334186476844	feel	744	174
2012 04 11 19 21 16	1334186476852	feel	745	173
2012 04 11 19 21 16	1334186476860	feel	746	172
2012 04 11 19 21 16	1334186476868	feel	747	170
2012 04 11 19 21 16	1334186476876	feel	748	169
2012 04 11 19 21 16	1334186476884	feel	749	168
2012 04 11 19 21 16	1334186476892	feel	750	166
2012 04 11 19 21 16	1334186476900	feel	751	165
2012 04 11 19 21 17	1334186477204	years	733	148
2012 04 11 19 21 17	1334186477212	years	731	150
2012 04 11 19 21 17	1334186477220	years	729	152
2012 04 11 19 21 17	1334186477252	flavor	720	161
2012 04 11 19 21 17	1334186477260	flavor	718	163
2012 04 11 19 21 17	1334186477268	flavor	717	165
2012 04 11 19 21 17	1334186477276	flavor	716	167
2012 04 11 19 21 17	1334186477284	flavor	715	169
2012 04 11 19 21 17	1334186477292	flavor	714	171
2012 04 11 19 21 17	1334186477300	flavor	713	174
2012 04 11 19 21 17	1334186477308	flavor	713	177
2012 04 11 19 21 17	1334186477316	flavor	712	180
2012 04 11 19 21 17	1334186477324	flavor	712	183
2012 04 11 19 21 17	1334186477364	bubble	708	199
2012 04 11 19 21 17	1334186477372	bubble	707	203
2012 04 11 19 21 17	1334186477380	bubble	706	206
2012 04 11 19 21 17	1334186477388	bubble	706	209
2012 04 11 19 21 17	1334186477396	bubble	705	211
2012 04 11 19 21 17	1334186477404	bubble	705	213
2012 04 11 19 21 17	1334186477412	bubble	704	213
2012 04 11 19 21 17	1334186477423	bubble	704	214
2012 04 11 19 21 17	1334186477428	bubble	704	215
2012 04 11 19 21 17	1334186477443	bubble	705	216
2012 04 11 19 21 17	1334186477451	bubble	706	217
2012 04 11 19 21 17	1334186477459	bubble	707	220
2012 04 11 19 21 17	1334186477467	bubble	708	223
2012 04 11 19 21 17	1334186477475	bubble	709	226
2012 04 11 19 21 17	1334186477612	fact	698	239
2012 04 11 19 21 17	1334186477620	fact	697	239
2012 04 11 19 21 17	1334186477780	milk	655	268
2012 04 11 19 21 17	1334186477788	milk	654	270
2012 04 11 19 21 17	1334186477796	milk	652	272
2012 04 11 19 21 17	1334186477804	milk	649	274
2012 04 11 19 21 17	1334186477812	milk	647	275
2012 04 11 19 21 17	1334186477820	milk	643	278
2012 04 11 19 21 17	1334186477828	milk	640	280
2012 04 11 19 21 17	1334186477836	milk	635	281
2012 04 11 19 21 17	1334186477844	milk	628	284
2012 04 11 19 21 17	1334186477852	milk	621	288
2012 04 11 19 21 17	1334186477931	worship	547	325
2012 04 11 19 21 17	1334186477939	worship	538	329
2012 04 11 19 21 17	1334186477947	worship	530	333
2012 04 11 19 21 17	1334186477955	worship	521	336
2012 04 11 19 21 17	1334186477963	worship	512	340
2012 04 11 19 21 18	1334186478012	verses	465	360
2012 04 11 19 21 18	1334186478020	verses	459	363
2012 04 11 19 21 18	1334186478028	verses	451	364
2012 04 11 19 21 18	1334186478036	verses	444	364
2012 04 11 19 21 18	1334186478044	verses	437	364
2012 04 11 19 21 18	1334186478052	verses	431	366
2012 04 11 19 21 18	1334186478060	verses	423	366
2012 04 11 19 21 18	1334186478068	verses	415	366
2012 04 11 19 21 18	1334186478076	students	403	366
2012 04 11 19 21 18	1334186478116	business	339	356
2012 04 11 19 21 18	1334186478388	yunnie	322	319
2012 04 11 19 21 18	1334186478396	yunnie	323	320
2012 04 11 19 21 18	1334186478404	yunnie	324	321
2012 04 11 19 21 18	1334186478412	yunnie	325	322
2012 04 11 19 21 18	1334186478420	yunnie	326	324
2012 04 11 19 21 18	1334186478428	yunnie	326	325
2012 04 11 19 21 18	1334186478436	yunnie	327	326
2012 04 11 19 21 18	1334186478444	yunnie	327	327
2012 04 11 19 21 18	1334186478452	yunnie	328	328
2012 04 11 19 21 18	1334186478468	yunnie	328	329
2012 04 11 19 21 18	1334186478512	yunnie	329	329
2012 04 11 19 21 18	1334186478995	yunnie	329	328
2012 04 11 19 21 19	1334186479196	yunnie	329	327
2012 04 11 19 21 19	1334186479412	yunnie	328	327
2012 04 11 19 21 19	1334186479436	yunnie	327	327
2012 04 11 19 21 19	1334186479451	yunnie	327	328
2012 04 11 19 21 19	1334186479467	yunnie	326	330
2012 04 11 19 21 19	1334186479475	yunnie	326	331
2012 04 11 19 21 19	1334186479483	yunnie	325	333
2012 04 11 19 21 19	1334186479491	yunnie	325	334
2012 04 11 19 21 19	1334186479588	yogurt	360	458
2012 04 11 19 21 35	1334186495292	card	484	536
2012 04 11 19 21 35	1334186495300	card	486	535
2012 04 11 19 21 35	1334186495308	card	489	534
2012 04 11 19 21 35	1334186495316	card	491	532
2012 04 11 19 21 35	1334186495508	sugar	667	444
2012 04 11 19 21 35	1334186495516	sugar	672	440
2012 04 11 19 21 35	1334186495524	sugar	677	436
2012 04 11 19 21 35	1334186495540	jenga	685	427
2012 04 11 19 21 35	1334186495548	jenga	690	422
2012 04 11 19 21 35	1334186495556	jenga	696	416
2012 04 11 19 21 35	1334186495572	board	707	405
2012 04 11 19 21 35	1334186495580	board	711	400
2012 04 11 19 21 35	1334186495588	board	715	396
2012 04 11 19 21 35	1334186495596	board	718	393
2012 04 11 19 21 35	1334186495604	board	720	390
2012 04 11 19 21 35	1334186495612	board	720	388
2012 04 11 19 21 35	1334186495634	board	721	387
2012 04 11 19 21 35	1334186495644	smoothie	721	386
2012 04 11 19 21 35	1334186495684	smoothie	721	384
2012 04 11 19 21 35	1334186495692	smoothie	721	383
2012 04 11 19 21 35	1334186495700	smoothie	720	382
2012 04 11 19 21 35	1334186495708	smoothie	719	380
2012 04 11 19 21 35	1334186495716	smoothie	717	378
2012 04 11 19 21 35	1334186495724	smoothie	716	377
2012 04 11 19 21 35	1334186495732	smoothie	715	376
2012 04 11 19 21 35	1334186495740	smoothie	714	375
2012 04 11 19 21 36	1334186496260	smoothie	714	374
2012 04 11 19 21 37	1334186497228	smoothie	715	374
2012 04 11 19 21 38	1334186498316	smoothie	715	373
2012 04 11 19 21 38	1334186498324	smoothie	714	371
2012 04 11 19 21 38	1334186498332	smoothie	713	369
2012 04 11 19 21 38	1334186498340	smoothie	711	366
